                     #***** Cumulative flow volumes ***** 
# Nstep    Deltat      Time  SeepageF  nansfDir  nansfNeu   Nudging  net (VTOT)
      1  9.77E-02  9.77E-02  0.00E+00  0.00E+00  0.00E+00  0.00E+00  6.1816E+00
      2  1.07E-01  2.05E-01  0.00E+00  0.00E+00  0.00E+00  0.00E+00  1.2981E+01
      3  1.18E-01  3.23E-01  0.00E+00  0.00E+00  0.00E+00  0.00E+00  1.2982E+01
      4  1.30E-01  4.53E-01  0.00E+00  0.00E+00  0.00E+00  0.00E+00  1.2982E+01
      5  1.43E-01  5.96E-01  0.00E+00  0.00E+00  0.00E+00  0.00E+00  1.2983E+01
      6  1.57E-01  7.53E-01  0.00E+00  0.00E+00  0.00E+00  0.00E+00  1.2983E+01
      7  1.73E-01  9.26E-01  0.00E+00  0.00E+00  0.00E+00  0.00E+00  1.2984E+01
      8  1.90E-01  1.12E+00  0.00E+00  0.00E+00  0.00E+00  0.00E+00  1.2984E+01
      9  2.09E-01  1.33E+00  0.00E+00  0.00E+00  0.00E+00  0.00E+00  1.2985E+01
     10  2.30E-01  1.56E+00  0.00E+00  0.00E+00  0.00E+00  0.00E+00  1.2985E+01
     11  2.53E-01  1.81E+00  0.00E+00  0.00E+00  0.00E+00  0.00E+00  1.2986E+01
     12  2.79E-01  2.09E+00  0.00E+00  0.00E+00  0.00E+00  0.00E+00  1.2987E+01
     13  3.06E-01  2.39E+00  0.00E+00  0.00E+00  0.00E+00  0.00E+00  1.2988E+01
     14  3.37E-01  2.73E+00  0.00E+00  0.00E+00  0.00E+00  0.00E+00  1.2989E+01
     15  3.71E-01  3.10E+00  0.00E+00  0.00E+00  0.00E+00  0.00E+00  1.2990E+01
     16  4.08E-01  3.51E+00  0.00E+00  0.00E+00  0.00E+00  0.00E+00  1.2991E+01
     17  4.49E-01  3.96E+00  0.00E+00  0.00E+00  0.00E+00  0.00E+00  1.2992E+01
     18  4.94E-01  4.45E+00  0.00E+00  0.00E+00  0.00E+00  0.00E+00  1.2994E+01
     19  5.43E-01  5.00E+00  0.00E+00  0.00E+00  0.00E+00  0.00E+00  1.2995E+01
     20  5.97E-01  5.59E+00  0.00E+00  0.00E+00  0.00E+00  0.00E+00  1.2997E+01
     21  6.57E-01  6.25E+00  0.00E+00  0.00E+00  0.00E+00  0.00E+00  1.2999E+01
     22  7.23E-01  6.97E+00  0.00E+00  0.00E+00  0.00E+00  0.00E+00  1.3001E+01
     23  7.95E-01  7.77E+00  0.00E+00  0.00E+00  0.00E+00  0.00E+00  1.3004E+01
     24  8.74E-01  8.64E+00  0.00E+00  0.00E+00  0.00E+00  0.00E+00  1.3006E+01
     25  9.62E-01  9.60E+00  0.00E+00  0.00E+00  0.00E+00  0.00E+00  1.3009E+01
     26  1.06E+00  1.07E+01  0.00E+00  0.00E+00  0.00E+00  0.00E+00  1.3012E+01
     27  1.16E+00  1.18E+01  0.00E+00  0.00E+00  0.00E+00  0.00E+00  1.3016E+01
     28  1.28E+00  1.31E+01  0.00E+00  0.00E+00  0.00E+00  0.00E+00  1.3019E+01
     29  1.41E+00  1.45E+01  0.00E+00  0.00E+00  0.00E+00  0.00E+00  1.3023E+01
     30  1.55E+00  1.61E+01  0.00E+00  0.00E+00  0.00E+00  0.00E+00  1.3028E+01
     31  1.70E+00  1.78E+01  0.00E+00  0.00E+00  0.00E+00  0.00E+00  1.3033E+01
     32  1.87E+00  1.96E+01  0.00E+00  0.00E+00  0.00E+00  0.00E+00  1.3038E+01
     33  2.06E+00  2.17E+01  0.00E+00  0.00E+00  0.00E+00  0.00E+00  1.3044E+01
     34  2.27E+00  2.40E+01  0.00E+00  0.00E+00  0.00E+00  0.00E+00  1.3051E+01
     35  2.49E+00  2.65E+01  0.00E+00  0.00E+00  0.00E+00  0.00E+00  1.3058E+01
     36  2.74E+00  2.92E+01  0.00E+00  0.00E+00  0.00E+00  0.00E+00  1.3067E+01
     37  3.02E+00  3.22E+01  0.00E+00  0.00E+00  0.00E+00  0.00E+00  1.3075E+01
     38  3.32E+00  3.56E+01  0.00E+00  0.00E+00  0.00E+00  0.00E+00  1.3085E+01
     39  3.65E+00  3.92E+01  0.00E+00  0.00E+00  0.00E+00  0.00E+00  1.3096E+01
     40  4.02E+00  4.32E+01  0.00E+00  0.00E+00  0.00E+00  0.00E+00  1.3108E+01
     41  4.42E+00  4.76E+01  0.00E+00  0.00E+00  0.00E+00  0.00E+00  1.3121E+01
     42  4.86E+00  5.25E+01  0.00E+00  0.00E+00  0.00E+00  0.00E+00  1.3135E+01
     43  5.35E+00  5.79E+01  0.00E+00  0.00E+00  0.00E+00  0.00E+00  1.3151E+01
     44  5.88E+00  6.37E+01  0.00E+00  0.00E+00  0.00E+00  0.00E+00  1.3168E+01
     45  6.47E+00  7.02E+01  0.00E+00  0.00E+00  0.00E+00  0.00E+00  1.3187E+01
     46  7.12E+00  7.73E+01  0.00E+00  0.00E+00  0.00E+00  0.00E+00  1.3208E+01
     47  7.83E+00  8.52E+01  0.00E+00  0.00E+00  0.00E+00  0.00E+00  1.3231E+01
     48  8.61E+00  9.38E+01  0.00E+00  0.00E+00  0.00E+00  0.00E+00  1.3256E+01
     49  9.47E+00  1.03E+02  0.00E+00  0.00E+00  0.00E+00  0.00E+00  1.3284E+01
     50  1.04E+01  1.14E+02  0.00E+00  0.00E+00  0.00E+00  0.00E+00  1.3314E+01
     51  1.15E+01  1.25E+02  0.00E+00  0.00E+00  0.00E+00  0.00E+00  1.3348E+01
     52  1.26E+01  1.38E+02  0.00E+00  0.00E+00  0.00E+00  0.00E+00  1.3385E+01
     53  1.39E+01  1.52E+02  0.00E+00  0.00E+00  0.00E+00  0.00E+00  1.3426E+01
     54  1.53E+01  1.67E+02  0.00E+00  0.00E+00  0.00E+00  0.00E+00  1.3471E+01
     55  1.68E+01  1.84E+02  0.00E+00  0.00E+00  0.00E+00  0.00E+00  1.3520E+01
     56  1.85E+01  2.02E+02  0.00E+00  0.00E+00  0.00E+00  0.00E+00  1.3574E+01
     57  2.03E+01  2.22E+02  0.00E+00  0.00E+00  0.00E+00  0.00E+00  1.3634E+01
     58  2.23E+01  2.45E+02  0.00E+00  0.00E+00  0.00E+00  0.00E+00  1.3699E+01
     59  2.46E+01  2.69E+02  0.00E+00  0.00E+00  0.00E+00  0.00E+00  1.3771E+01
     60  2.46E+01  2.94E+02  0.00E+00  0.00E+00  0.00E+00  0.00E+00  1.3843E+01
     61  2.46E+01  3.18E+02  0.00E+00  0.00E+00  0.00E+00  0.00E+00  1.3916E+01
     62  2.46E+01  3.43E+02  0.00E+00  0.00E+00  0.00E+00  0.00E+00  1.3988E+01
     63  2.46E+01  3.68E+02  0.00E+00  0.00E+00  0.00E+00  0.00E+00  1.4060E+01
     64  2.46E+01  3.92E+02  0.00E+00  0.00E+00  0.00E+00  0.00E+00  1.4132E+01
     65  2.46E+01  4.17E+02  0.00E+00  0.00E+00  0.00E+00  0.00E+00  1.4204E+01
     66  2.46E+01  4.41E+02  0.00E+00  0.00E+00  0.00E+00  0.00E+00  1.4276E+01
     67  2.46E+01  4.66E+02  0.00E+00  0.00E+00  0.00E+00  0.00E+00  1.4348E+01
     68  2.46E+01  4.91E+02  0.00E+00  0.00E+00  0.00E+00  0.00E+00  1.4420E+01
     69  2.46E+01  5.15E+02  0.00E+00  0.00E+00  0.00E+00  0.00E+00  1.4493E+01
     70  2.46E+01  5.40E+02  0.00E+00  0.00E+00  0.00E+00  0.00E+00  1.4565E+01
     71  2.46E+01  5.64E+02  0.00E+00  0.00E+00  0.00E+00  0.00E+00  1.4637E+01
     72  2.46E+01  5.89E+02  0.00E+00  0.00E+00  0.00E+00  0.00E+00  1.4709E+01
     73  2.46E+01  6.13E+02  0.00E+00  0.00E+00  0.00E+00  0.00E+00  1.4781E+01
     74  2.46E+01  6.38E+02  0.00E+00  0.00E+00  0.00E+00  0.00E+00  1.4853E+01
     75  2.46E+01  6.63E+02  0.00E+00  0.00E+00  0.00E+00  0.00E+00  1.4925E+01
     76  2.46E+01  6.87E+02  0.00E+00  0.00E+00  0.00E+00  0.00E+00  1.4997E+01
     77  2.70E+01  7.14E+02  0.00E+00  0.00E+00  0.00E+00  0.00E+00  1.5077E+01
     78  2.70E+01  7.41E+02  0.00E+00  0.00E+00  0.00E+00  0.00E+00  1.5156E+01
     79  2.70E+01  7.68E+02  0.00E+00  0.00E+00  0.00E+00  0.00E+00  1.5235E+01
     80  2.70E+01  7.95E+02  0.00E+00  0.00E+00  0.00E+00  0.00E+00  1.5315E+01
     81  2.70E+01  8.22E+02  0.00E+00  0.00E+00  0.00E+00  0.00E+00  1.5394E+01
     82  2.97E+01  8.52E+02  0.00E+00  0.00E+00  0.00E+00  0.00E+00  1.5481E+01
     83  2.97E+01  8.82E+02  0.00E+00  0.00E+00  0.00E+00  0.00E+00  1.5569E+01
     84  2.97E+01  9.11E+02  0.00E+00  0.00E+00  0.00E+00  0.00E+00  1.5656E+01
     85  2.97E+01  9.41E+02  0.00E+00  0.00E+00  0.00E+00  0.00E+00  1.5743E+01
     86  2.97E+01  9.71E+02  0.00E+00  0.00E+00  0.00E+00  0.00E+00  1.5830E+01
     87  3.27E+01  1.00E+03  0.00E+00  0.00E+00  0.00E+00  0.00E+00  1.5926E+01
     88  3.27E+01  1.04E+03  0.00E+00  0.00E+00  0.00E+00  0.00E+00  1.6022E+01
     89  3.27E+01  1.07E+03  0.00E+00  0.00E+00  0.00E+00  0.00E+00  1.6118E+01
     90  3.27E+01  1.10E+03  0.00E+00  0.00E+00  0.00E+00  0.00E+00  1.6214E+01
     91  3.27E+01  1.13E+03  0.00E+00  0.00E+00  0.00E+00  0.00E+00  1.6310E+01
     92  3.60E+01  1.17E+03  0.00E+00  0.00E+00  0.00E+00  0.00E+00  1.6416E+01
     93  3.60E+01  1.21E+03  0.00E+00  0.00E+00  0.00E+00  0.00E+00  1.6522E+01
     94  3.60E+01  1.24E+03  0.00E+00  0.00E+00  0.00E+00  0.00E+00  1.6627E+01
     95  3.60E+01  1.28E+03  0.00E+00  0.00E+00  0.00E+00  0.00E+00  1.6733E+01
     96  3.60E+01  1.31E+03  0.00E+00  0.00E+00  0.00E+00  0.00E+00  1.6838E+01
     97  3.60E+01  1.35E+03  0.00E+00  0.00E+00  0.00E+00  0.00E+00  1.6944E+01
     98  3.96E+01  1.39E+03  0.00E+00  0.00E+00  0.00E+00  0.00E+00  1.7060E+01
     99  3.96E+01  1.43E+03  0.00E+00  0.00E+00  0.00E+00  0.00E+00  1.7176E+01
    100  3.96E+01  1.47E+03  0.00E+00  0.00E+00  0.00E+00  0.00E+00  1.7293E+01
    101  3.96E+01  1.51E+03  0.00E+00  0.00E+00  0.00E+00  0.00E+00  1.7409E+01
    102  3.96E+01  1.55E+03  0.00E+00  0.00E+00  0.00E+00  0.00E+00  1.7525E+01
    103  3.96E+01  1.59E+03  0.00E+00  0.00E+00  0.00E+00  0.00E+00  1.7641E+01
    104  3.96E+01  1.63E+03  0.00E+00  0.00E+00  0.00E+00  0.00E+00  1.7757E+01
