#                  ***** Surface vs subsurface diagnostics ***** 
#NNOD    (# of surface nodes)            =   1271
#NCELL   (# of DEM cells)                =   1174
#AREATOT (total catchment surface area)  =     2.93500E+04
#Step      (1) : Time step
#Deltat    (2) : Time step size
#Time      (3) : See parm input file for units
#Back      (4) : # of back-stepping occurrences
#NL-l      (5) : # of nonlinear iterations for the successful (last) time step
#NL-a      (6) : # of nonlinear iterations for the successful time step and any back-steps (= NL-last + ITUNS*Back)
#Sdt-l     (7) : # of time steps in the surface routing module for the successful (last) subsurface module time step
#Sdt-a     (8) : # of time steps in the surface routing module for the successful subsurface module time step and any back-steps
#Atmpot-vf (9) : Potential atmospheric forcing (rain +ve / evap -ve) as a volumetric flux [L^3/T]
#Atmpot-v (10) : Potential atmospheric forcing volume [L^3] (See parm input file for units)
#Atmpot-r (11) : Potential atmospheric forcing rate [L/T]
#Atmpot-d (12) : Potential atmospheric forcing depth [L]
#Atmact-vf(13) : Actual infiltration (+ve) or exfiltration (-ve) at atmospheric BC nodes as a volumetric flux [L^3/T]
#Atmact-v (14) : Actual infiltration (+ve) or exfiltration (-ve) volume [L^3]
#Atmact-r (15) : Actual infiltration (+ve) or exfiltration (-ve) rate [L/T]
#Atmact-d (16) : Actual infiltration (+ve) or exfiltration (-ve) depth [L]
#Horton   (17) : Fraction of the surface nodes that are saturated or ponded due to Horton infiltration excess (Note: based on PNEW and not on IFATM)
#Dunne    (18) : Fraction of the surface nodes that are saturated or ponded due to Dunne saturation excess (see previous note)
#Ponded   (19) : Fraction of the surface nodes that are ponded (PNEW > PONDH_MIN)
#Satur    (20) : Fraction of the surface nodes that are saturated or ponded (PNEW > 0)
#CPU-sub  (21) : CPU seconds for the subsurface flow module
#CPU-surf (22) : CPU seconds for the surface routing module
#   (1)       (2)       (3)   (4)   (5)   (6)   (7)   (8)        (9)       (10)       (11)       (12)       (13)       (14)       (15)       (16)   (17)   (18)   (19)   (20)       (21)       (22)
#  Step    Deltat      Time  Back  NL-l  NL-a Sdt-l Sdt-a  Atmpot-vf   Atmpot-v   Atmpot-r   Atmpot-d  Atmact-vf   Atmact-v   Atmact-r   Atmact-d Horton  Dunne Ponded  Satur   CPU-sub  CPU-surf
      1 9.766E-02 9.766E-02    10     2   102     0     0  2.935E-03  2.866E-04  1.000E-07  9.766E-09  2.935E-03  2.866E-04  1.000E-07  9.766E-09  0.000  0.000  0.000  0.000  2.288E+00  0.000E+00
      2 1.074E-01 2.051E-01     0     2     2     0     0  2.935E-03  3.153E-04  1.000E-07  1.074E-08  2.935E-03  3.153E-04  1.000E-07  1.074E-08  0.000  0.000  0.000  0.000  4.508E-02  0.000E+00
      3 1.182E-01 3.232E-01     0     2     2     0     0  2.935E-03  3.468E-04  1.000E-07  1.182E-08  2.935E-03  3.468E-04  1.000E-07  1.182E-08  0.000  0.000  0.000  0.000  4.537E-02  0.000E+00
      4 1.300E-01 4.532E-01     0     2     2     0     0  2.935E-03  3.815E-04  1.000E-07  1.300E-08  2.935E-03  3.815E-04  1.000E-07  1.300E-08  0.000  0.000  0.000  0.000  4.544E-02  0.000E+00
      5 1.430E-01 5.962E-01     0     2     2     0     0  2.935E-03  4.196E-04  1.000E-07  1.430E-08  2.935E-03  4.196E-04  1.000E-07  1.430E-08  0.000  0.000  0.000  0.000  4.513E-02  0.000E+00
      6 1.573E-01 7.535E-01     0     2     2     0     0  2.935E-03  4.616E-04  1.000E-07  1.573E-08  2.935E-03  4.616E-04  1.000E-07  1.573E-08  0.000  0.000  0.000  0.000  4.553E-02  0.000E+00
      7 1.730E-01 9.265E-01     0     2     2     0     0  2.935E-03  5.078E-04  1.000E-07  1.730E-08  2.935E-03  5.078E-04  1.000E-07  1.730E-08  0.000  0.000  0.000  0.000  4.592E-02  0.000E+00
      8 1.903E-01 1.117E+00     0     2     2     0     0  2.935E-03  5.585E-04  1.000E-07  1.903E-08  2.935E-03  5.585E-04  1.000E-07  1.903E-08  0.000  0.000  0.000  0.000  4.492E-02  0.000E+00
      9 2.093E-01 1.326E+00     0     2     2     0     0  2.935E-03  6.144E-04  1.000E-07  2.093E-08  2.935E-03  6.144E-04  1.000E-07  2.093E-08  0.000  0.000  0.000  0.000  4.545E-02  0.000E+00
     10 2.303E-01 1.556E+00     0     2     2     0     0  2.935E-03  6.758E-04  1.000E-07  2.303E-08  2.935E-03  6.758E-04  1.000E-07  2.303E-08  0.000  0.000  0.000  0.000  4.464E-02  0.000E+00
     11 2.533E-01 1.810E+00     0     2     2     0     0  2.935E-03  7.434E-04  1.000E-07  2.533E-08  2.935E-03  7.434E-04  1.000E-07  2.533E-08  0.000  0.000  0.000  0.000  4.435E-02  0.000E+00
     12 2.786E-01 2.088E+00     0     2     2     0     0  2.935E-03  8.178E-04  1.000E-07  2.786E-08  2.935E-03  8.178E-04  1.000E-07  2.786E-08  0.000  0.000  0.000  0.000  4.435E-02  0.000E+00
     13 3.065E-01 2.395E+00     0     2     2     0     0  2.935E-03  8.995E-04  1.000E-07  3.065E-08  2.935E-03  8.995E-04  1.000E-07  3.065E-08  0.000  0.000  0.000  0.000  4.522E-02  0.000E+00
     14 3.371E-01 2.732E+00     0     2     2     0     0  2.935E-03  9.895E-04  1.000E-07  3.371E-08  2.935E-03  9.895E-04  1.000E-07  3.371E-08  0.000  0.000  0.000  0.000  4.488E-02  0.000E+00
     15 3.708E-01 3.103E+00     0     2     2     0     0  2.935E-03  1.088E-03  1.000E-07  3.708E-08  2.935E-03  1.088E-03  1.000E-07  3.708E-08  0.000  0.000  0.000  0.000  4.497E-02  0.000E+00
     16 4.079E-01 3.511E+00     0     2     2     0     0  2.935E-03  1.197E-03  1.000E-07  4.079E-08  2.935E-03  1.197E-03  1.000E-07  4.079E-08  0.000  0.000  0.000  0.000  4.511E-02  0.000E+00
     17 4.487E-01 3.959E+00     0     2     2     0     0  2.935E-03  1.317E-03  1.000E-07  4.487E-08  2.935E-03  1.317E-03  1.000E-07  4.487E-08  0.000  0.000  0.000  0.000  4.444E-02  0.000E+00
     18 4.936E-01 4.453E+00     0     2     2     0     0  2.935E-03  1.449E-03  1.000E-07  4.936E-08  2.935E-03  1.449E-03  1.000E-07  4.936E-08  0.000  0.000  0.000  0.000  4.503E-02  0.000E+00
     19 5.430E-01 4.996E+00     0     2     2     0     0  2.935E-03  1.594E-03  1.000E-07  5.430E-08  2.935E-03  1.594E-03  1.000E-07  5.430E-08  0.000  0.000  0.000  0.000  4.416E-02  0.000E+00
     20 5.973E-01 5.593E+00     0     2     2     0     0  2.935E-03  1.753E-03  1.000E-07  5.973E-08  2.935E-03  1.753E-03  1.000E-07  5.973E-08  0.000  0.000  0.000  0.000  4.450E-02  0.000E+00
     21 6.570E-01 6.250E+00     0     2     2     0     0  2.935E-03  1.928E-03  1.000E-07  6.570E-08  2.935E-03  1.928E-03  1.000E-07  6.570E-08  0.000  0.000  0.000  0.000  4.447E-02  0.000E+00
     22 7.227E-01 6.973E+00     0     2     2     0     0  2.935E-03  2.121E-03  1.000E-07  7.227E-08  2.935E-03  2.121E-03  1.000E-07  7.227E-08  0.000  0.000  0.000  0.000  4.317E-02  0.000E+00
     23 7.949E-01 7.768E+00     0     2     2     0     0  2.935E-03  2.333E-03  1.000E-07  7.949E-08  2.935E-03  2.333E-03  1.000E-07  7.949E-08  0.000  0.000  0.000  0.000  4.540E-02  0.000E+00
     24 8.744E-01 8.642E+00     0     2     2     0     0  2.935E-03  2.566E-03  1.000E-07  8.744E-08  2.935E-03  2.566E-03  1.000E-07  8.744E-08  0.000  0.000  0.000  0.000  4.524E-02  0.000E+00
     25 9.619E-01 9.604E+00     0     2     2     0     0  2.935E-03  2.823E-03  1.000E-07  9.619E-08  2.935E-03  2.823E-03  1.000E-07  9.619E-08  0.000  0.000  0.000  0.000  4.526E-02  0.000E+00
     26 1.058E+00 1.066E+01     0     2     2     0     0  2.935E-03  3.105E-03  1.000E-07  1.058E-07  2.935E-03  3.105E-03  1.000E-07  1.058E-07  0.000  0.000  0.000  0.000  4.566E-02  0.000E+00
     27 1.164E+00 1.183E+01     0     2     2     0     0  2.935E-03  3.416E-03  1.000E-07  1.164E-07  2.935E-03  3.416E-03  1.000E-07  1.164E-07  0.000  0.000  0.000  0.000  4.496E-02  0.000E+00
     28 1.280E+00 1.311E+01     0     2     2     0     0  2.935E-03  3.758E-03  1.000E-07  1.280E-07  2.935E-03  3.758E-03  1.000E-07  1.280E-07  0.000  0.000  0.000  0.000  4.470E-02  0.000E+00
     29 1.408E+00 1.451E+01     0     3     3     0     0  2.935E-03  4.133E-03  1.000E-07  1.408E-07  2.935E-03  4.133E-03  1.000E-07  1.408E-07  0.000  0.000  0.000  0.000  6.733E-02  0.000E+00
     30 1.549E+00 1.606E+01     0     3     3     0     0  2.935E-03  4.547E-03  1.000E-07  1.549E-07  2.935E-03  4.547E-03  1.000E-07  1.549E-07  0.000  0.000  0.000  0.000  6.611E-02  0.000E+00
     31 1.704E+00 1.777E+01     0     3     3     0     0  2.935E-03  5.001E-03  1.000E-07  1.704E-07  2.935E-03  5.001E-03  1.000E-07  1.704E-07  0.000  0.000  0.000  0.000  6.737E-02  0.000E+00
     32 1.874E+00 1.964E+01     0     3     3     0     0  2.935E-03  5.502E-03  1.000E-07  1.874E-07  2.935E-03  5.502E-03  1.000E-07  1.874E-07  0.000  0.000  0.000  0.000  6.797E-02  0.000E+00
     33 2.062E+00 2.170E+01     0     3     3     0     0  2.935E-03  6.052E-03  1.000E-07  2.062E-07  2.935E-03  6.052E-03  1.000E-07  2.062E-07  0.000  0.000  0.000  0.000  6.751E-02  0.000E+00
     34 2.268E+00 2.397E+01     0     3     3     0     0  2.935E-03  6.657E-03  1.000E-07  2.268E-07  2.935E-03  6.657E-03  1.000E-07  2.268E-07  0.000  0.000  0.000  0.000  6.710E-02  0.000E+00
     35 2.495E+00 2.647E+01     0     3     3     0     0  2.935E-03  7.323E-03  1.000E-07  2.495E-07  2.935E-03  7.323E-03  1.000E-07  2.495E-07  0.000  0.000  0.000  0.000  6.628E-02  0.000E+00
     36 2.744E+00 2.921E+01     0     3     3     0     0  2.935E-03  8.055E-03  1.000E-07  2.744E-07  2.935E-03  8.055E-03  1.000E-07  2.744E-07  0.000  0.000  0.000  0.000  6.757E-02  0.000E+00
     37 3.019E+00 3.223E+01     0     3     3     0     0  2.935E-03  8.860E-03  1.000E-07  3.019E-07  2.935E-03  8.860E-03  1.000E-07  3.019E-07  0.000  0.000  0.000  0.000  6.858E-02  0.000E+00
     38 3.321E+00 3.555E+01     0     3     3     0     0  2.935E-03  9.746E-03  1.000E-07  3.321E-07  2.935E-03  9.746E-03  1.000E-07  3.321E-07  0.000  0.000  0.000  0.000  6.711E-02  0.000E+00
     39 3.653E+00 3.920E+01     0     3     3     0     0  2.935E-03  1.072E-02  1.000E-07  3.653E-07  2.935E-03  1.072E-02  1.000E-07  3.653E-07  0.000  0.000  0.000  0.000  6.861E-02  0.000E+00
     40 4.018E+00 4.322E+01     0     3     3     0     0  2.935E-03  1.179E-02  1.000E-07  4.018E-07  2.935E-03  1.179E-02  1.000E-07  4.018E-07  0.000  0.000  0.000  0.000  7.034E-02  0.000E+00
     41 4.420E+00 4.764E+01     0     3     3     0     0  2.935E-03  1.297E-02  1.000E-07  4.420E-07  2.935E-03  1.297E-02  1.000E-07  4.420E-07  0.000  0.000  0.000  0.000  6.774E-02  0.000E+00
     42 4.862E+00 5.250E+01     0     3     3     0     0  2.935E-03  1.427E-02  1.000E-07  4.862E-07  2.935E-03  1.427E-02  1.000E-07  4.862E-07  0.000  0.000  0.000  0.000  6.851E-02  0.000E+00
     43 5.348E+00 5.785E+01     0     3     3     0     0  2.935E-03  1.570E-02  1.000E-07  5.348E-07  2.935E-03  1.570E-02  1.000E-07  5.348E-07  0.000  0.000  0.000  0.000  6.795E-02  0.000E+00
     44 5.883E+00 6.373E+01     0     3     3     0     0  2.935E-03  1.727E-02  1.000E-07  5.883E-07  2.935E-03  1.727E-02  1.000E-07  5.883E-07  0.000  0.000  0.000  0.000  6.847E-02  0.000E+00
     45 6.471E+00 7.021E+01     0     3     3     0     0  2.935E-03  1.899E-02  1.000E-07  6.471E-07  2.935E-03  1.899E-02  1.000E-07  6.471E-07  0.000  0.000  0.000  0.000  6.634E-02  0.000E+00
     46 7.118E+00 7.732E+01     0     3     3     0     0  2.935E-03  2.089E-02  1.000E-07  7.118E-07  2.935E-03  2.089E-02  1.000E-07  7.118E-07  0.000  0.000  0.000  0.000  6.752E-02  0.000E+00
     47 7.830E+00 8.515E+01     0     3     3     0     0  2.935E-03  2.298E-02  1.000E-07  7.830E-07  2.935E-03  2.298E-02  1.000E-07  7.830E-07  0.000  0.000  0.000  0.000  6.775E-02  0.000E+00
     48 8.613E+00 9.377E+01     0     3     3     0     0  2.935E-03  2.528E-02  1.000E-07  8.613E-07  2.935E-03  2.528E-02  1.000E-07  8.613E-07  0.000  0.000  0.000  0.000  6.734E-02  0.000E+00
     49 9.474E+00 1.032E+02     0     3     3     0     0  2.935E-03  2.781E-02  1.000E-07  9.474E-07  2.935E-03  2.781E-02  1.000E-07  9.474E-07  0.000  0.000  0.000  0.000  6.841E-02  0.000E+00
     50 1.042E+01 1.137E+02     0     3     3     0     0  2.935E-03  3.059E-02  1.000E-07  1.042E-06  2.935E-03  3.059E-02  1.000E-07  1.042E-06  0.000  0.000  0.000  0.000  6.687E-02  0.000E+00
     51 1.146E+01 1.251E+02     0     4     4     0     0  2.935E-03  3.365E-02  1.000E-07  1.146E-06  2.935E-03  3.365E-02  1.000E-07  1.146E-06  0.000  0.000  0.000  0.000  9.199E-02  0.000E+00
     52 1.261E+01 1.377E+02     0     4     4     0     0  2.935E-03  3.701E-02  1.000E-07  1.261E-06  2.935E-03  3.701E-02  1.000E-07  1.261E-06  0.000  0.000  0.000  0.000  9.080E-02  0.000E+00
     53 1.387E+01 1.516E+02     0     4     4     0     0  2.935E-03  4.071E-02  1.000E-07  1.387E-06  2.935E-03  4.071E-02  1.000E-07  1.387E-06  0.000  0.000  0.000  0.000  9.016E-02  0.000E+00
     54 1.526E+01 1.669E+02     0     4     4     0     0  2.935E-03  4.478E-02  1.000E-07  1.526E-06  2.935E-03  4.478E-02  1.000E-07  1.526E-06  0.000  0.000  0.000  0.000  8.894E-02  0.000E+00
     55 1.678E+01 1.837E+02     0     4     4     0     0  2.935E-03  4.926E-02  1.000E-07  1.678E-06  2.935E-03  4.926E-02  1.000E-07  1.678E-06  0.000  0.000  0.000  0.000  8.962E-02  0.000E+00
     56 1.846E+01 2.021E+02     0     4     4     0     0  2.935E-03  5.419E-02  1.000E-07  1.846E-06  2.935E-03  5.419E-02  1.000E-07  1.846E-06  0.000  0.000  0.000  0.000  8.845E-02  0.000E+00
     57 2.031E+01 2.224E+02     0     4     4     0     0  2.935E-03  5.961E-02  1.000E-07  2.031E-06  2.935E-03  5.961E-02  1.000E-07  2.031E-06  0.000  0.000  0.000  0.000  8.919E-02  0.000E+00
     58 2.234E+01 2.448E+02     0     4     4     0     0  2.935E-03  6.557E-02  1.000E-07  2.234E-06  2.935E-03  6.557E-02  1.000E-07  2.234E-06  0.000  0.000  0.000  0.000  9.081E-02  0.000E+00
     59 2.457E+01 2.693E+02     0     5     5     0     0  2.935E-03  7.212E-02  1.000E-07  2.457E-06  2.935E-03  7.212E-02  1.000E-07  2.457E-06  0.000  0.000  0.000  0.000  1.129E-01  0.000E+00
     60 2.457E+01 2.939E+02     0     5     5     0     0  2.935E-03  7.212E-02  1.000E-07  2.457E-06  2.935E-03  7.212E-02  1.000E-07  2.457E-06  0.000  0.000  0.000  0.000  1.104E-01  0.000E+00
     61 2.457E+01 3.185E+02     0     5     5     0     0  2.935E-03  7.212E-02  1.000E-07  2.457E-06  2.935E-03  7.212E-02  1.000E-07  2.457E-06  0.000  0.000  0.000  0.000  1.108E-01  0.000E+00
     62 2.457E+01 3.431E+02     0     5     5     0     0  2.935E-03  7.212E-02  1.000E-07  2.457E-06  2.935E-03  7.212E-02  1.000E-07  2.457E-06  0.000  0.000  0.000  0.000  1.119E-01  0.000E+00
     63 2.457E+01 3.676E+02     0     5     5     0     0  2.935E-03  7.212E-02  1.000E-07  2.457E-06  2.935E-03  7.212E-02  1.000E-07  2.457E-06  0.000  0.000  0.000  0.000  1.123E-01  0.000E+00
     64 2.457E+01 3.922E+02     0     5     5     0     0  2.935E-03  7.212E-02  1.000E-07  2.457E-06  2.935E-03  7.212E-02  1.000E-07  2.457E-06  0.000  0.000  0.000  0.000  1.122E-01  0.000E+00
     65 2.457E+01 4.168E+02     0     5     5     0     0  2.935E-03  7.212E-02  1.000E-07  2.457E-06  2.935E-03  7.212E-02  1.000E-07  2.457E-06  0.000  0.000  0.000  0.000  1.137E-01  0.000E+00
     66 2.457E+01 4.414E+02     0     5     5     0     0  2.935E-03  7.212E-02  1.000E-07  2.457E-06  2.935E-03  7.212E-02  1.000E-07  2.457E-06  0.000  0.000  0.000  0.000  1.125E-01  0.000E+00
     67 2.457E+01 4.659E+02     0     5     5     0     0  2.935E-03  7.212E-02  1.000E-07  2.457E-06  2.935E-03  7.212E-02  1.000E-07  2.457E-06  0.000  0.000  0.000  0.000  1.137E-01  0.000E+00
     68 2.457E+01 4.905E+02     0     5     5     0     0  2.935E-03  7.212E-02  1.000E-07  2.457E-06  2.935E-03  7.212E-02  1.000E-07  2.457E-06  0.000  0.000  0.000  0.000  1.131E-01  0.000E+00
     69 2.457E+01 5.151E+02     0     5     5     0     0  2.935E-03  7.212E-02  1.000E-07  2.457E-06  2.935E-03  7.212E-02  1.000E-07  2.457E-06  0.000  0.000  0.000  0.000  1.113E-01  0.000E+00
     70 2.457E+01 5.397E+02     0     5     5     0     0  2.935E-03  7.212E-02  1.000E-07  2.457E-06  2.935E-03  7.212E-02  1.000E-07  2.457E-06  0.000  0.000  0.000  0.000  1.112E-01  0.000E+00
     71 2.457E+01 5.642E+02     0     5     5     0     0  2.935E-03  7.212E-02  1.000E-07  2.457E-06  2.935E-03  7.212E-02  1.000E-07  2.457E-06  0.000  0.000  0.000  0.000  1.134E-01  0.000E+00
     72 2.457E+01 5.888E+02     0     5     5     0     0  2.935E-03  7.212E-02  1.000E-07  2.457E-06  2.935E-03  7.212E-02  1.000E-07  2.457E-06  0.000  0.000  0.000  0.000  1.121E-01  0.000E+00
     73 2.457E+01 6.134E+02     0     5     5     0     0  2.935E-03  7.212E-02  1.000E-07  2.457E-06  2.935E-03  7.212E-02  1.000E-07  2.457E-06  0.000  0.000  0.000  0.000  1.107E-01  0.000E+00
     74 2.457E+01 6.379E+02     0     5     5     0     0  2.935E-03  7.212E-02  1.000E-07  2.457E-06  2.935E-03  7.212E-02  1.000E-07  2.457E-06  0.000  0.000  0.000  0.000  1.106E-01  0.000E+00
     75 2.457E+01 6.625E+02     0     5     5     0     0  2.935E-03  7.212E-02  1.000E-07  2.457E-06  2.935E-03  7.212E-02  1.000E-07  2.457E-06  0.000  0.000  0.000  0.000  1.120E-01  0.000E+00
     76 2.457E+01 6.871E+02     0     4     4     0     0  2.935E-03  7.212E-02  1.000E-07  2.457E-06  2.935E-03  7.212E-02  1.000E-07  2.457E-06  0.000  0.000  0.000  0.000  8.832E-02  0.000E+00
     77 2.703E+01 7.141E+02     0     5     5     0     0  2.935E-03  7.934E-02  1.000E-07  2.703E-06  2.935E-03  7.934E-02  1.000E-07  2.703E-06  0.000  0.000  0.000  0.000  1.103E-01  0.000E+00
     78 2.703E+01 7.412E+02     0     5     5     0     0  2.935E-03  7.934E-02  1.000E-07  2.703E-06  2.935E-03  7.934E-02  1.000E-07  2.703E-06  0.000  0.000  0.000  0.000  1.131E-01  0.000E+00
     79 2.703E+01 7.682E+02     0     5     5     0     0  2.935E-03  7.934E-02  1.000E-07  2.703E-06  2.935E-03  7.934E-02  1.000E-07  2.703E-06  0.000  0.000  0.000  0.000  1.117E-01  0.000E+00
     80 2.703E+01 7.952E+02     0     5     5     0     0  2.935E-03  7.934E-02  1.000E-07  2.703E-06  2.935E-03  7.934E-02  1.000E-07  2.703E-06  0.000  0.000  0.000  0.000  1.130E-01  0.000E+00
     81 2.703E+01 8.223E+02     0     4     4     0     0  2.935E-03  7.934E-02  1.000E-07  2.703E-06  2.935E-03  7.934E-02  1.000E-07  2.703E-06  0.000  0.000  0.000  0.000  9.004E-02  0.000E+00
     82 2.973E+01 8.520E+02     0     5     5     0     0  2.935E-03  8.727E-02  1.000E-07  2.973E-06  2.935E-03  8.727E-02  1.000E-07  2.973E-06  0.000  0.000  0.000  0.000  1.110E-01  0.000E+00
     83 2.973E+01 8.817E+02     0     5     5     0     0  2.935E-03  8.727E-02  1.000E-07  2.973E-06  2.935E-03  8.727E-02  1.000E-07  2.973E-06  0.000  0.000  0.000  0.000  1.111E-01  0.000E+00
     84 2.973E+01 9.115E+02     0     5     5     0     0  2.935E-03  8.727E-02  1.000E-07  2.973E-06  2.935E-03  8.727E-02  1.000E-07  2.973E-06  0.000  0.000  0.000  0.000  1.131E-01  0.000E+00
     85 2.973E+01 9.412E+02     0     5     5     0     0  2.935E-03  8.727E-02  1.000E-07  2.973E-06  2.935E-03  8.727E-02  1.000E-07  2.973E-06  0.000  0.000  0.000  0.000  1.138E-01  0.000E+00
     86 2.973E+01 9.709E+02     0     4     4     0     0  2.935E-03  8.727E-02  1.000E-07  2.973E-06  2.935E-03  8.727E-02  1.000E-07  2.973E-06  0.000  0.000  0.000  0.000  9.052E-02  0.000E+00
     87 3.271E+01 1.004E+03     0     5     5     0     0  2.935E-03  9.600E-02  1.000E-07  3.271E-06  2.935E-03  9.600E-02  1.000E-07  3.271E-06  0.000  0.000  0.000  0.000  1.131E-01  0.000E+00
     88 3.271E+01 1.036E+03     0     5     5     0     0  2.935E-03  9.600E-02  1.000E-07  3.271E-06  2.935E-03  9.600E-02  1.000E-07  3.271E-06  0.000  0.000  0.000  0.000  1.141E-01  0.000E+00
     89 3.271E+01 1.069E+03     0     5     5     0     0  2.935E-03  9.600E-02  1.000E-07  3.271E-06  2.935E-03  9.600E-02  1.000E-07  3.271E-06  0.000  0.000  0.000  0.000  1.129E-01  0.000E+00
     90 3.271E+01 1.102E+03     0     5     5     0     0  2.935E-03  9.600E-02  1.000E-07  3.271E-06  2.935E-03  9.600E-02  1.000E-07  3.271E-06  0.000  0.000  0.000  0.000  1.135E-01  0.000E+00
     91 3.271E+01 1.134E+03     0     4     4     0     0  2.935E-03  9.600E-02  1.000E-07  3.271E-06  2.935E-03  9.600E-02  1.000E-07  3.271E-06  0.000  0.000  0.000  0.000  9.011E-02  0.000E+00
     92 3.598E+01 1.170E+03     0     5     5     0     0  2.935E-03  1.056E-01  1.000E-07  3.598E-06  2.935E-03  1.056E-01  1.000E-07  3.598E-06  0.000  0.000  0.000  0.000  1.104E-01  0.000E+00
     93 3.598E+01 1.206E+03     0     5     5     0     0  2.935E-03  1.056E-01  1.000E-07  3.598E-06  2.935E-03  1.056E-01  1.000E-07  3.598E-06  0.000  0.000  0.000  0.000  1.113E-01  0.000E+00
     94 3.598E+01 1.242E+03     0     5     5     0     0  2.935E-03  1.056E-01  1.000E-07  3.598E-06  2.935E-03  1.056E-01  1.000E-07  3.598E-06  0.000  0.000  0.000  0.000  1.114E-01  0.000E+00
     95 3.598E+01 1.278E+03     0     5     5     0     0  2.935E-03  1.056E-01  1.000E-07  3.598E-06  2.935E-03  1.056E-01  1.000E-07  3.598E-06  0.000  0.000  0.000  0.000  1.123E-01  0.000E+00
     96 3.598E+01 1.314E+03     0     5     5     0     0  2.935E-03  1.056E-01  1.000E-07  3.598E-06  2.935E-03  1.056E-01  1.000E-07  3.598E-06  0.000  0.000  0.000  0.000  1.117E-01  0.000E+00
     97 3.598E+01 1.350E+03     0     4     4     0     0  2.935E-03  1.056E-01  1.000E-07  3.598E-06  2.935E-03  1.056E-01  1.000E-07  3.598E-06  0.000  0.000  0.000  0.000  9.065E-02  0.000E+00
     98 3.958E+01 1.390E+03     0     5     5     0     0  2.935E-03  1.162E-01  1.000E-07  3.958E-06  2.935E-03  1.162E-01  1.000E-07  3.958E-06  0.000  0.000  0.000  0.000  1.139E-01  0.000E+00
     99 3.958E+01 1.429E+03     0     5     5     0     0  2.935E-03  1.162E-01  1.000E-07  3.958E-06  2.935E-03  1.162E-01  1.000E-07  3.958E-06  0.000  0.000  0.000  0.000  1.121E-01  0.000E+00
    100 3.958E+01 1.469E+03     0     5     5     0     0  2.935E-03  1.162E-01  1.000E-07  3.958E-06  2.935E-03  1.162E-01  1.000E-07  3.958E-06  0.000  0.000  0.000  0.000  1.103E-01  0.000E+00
    101 3.958E+01 1.509E+03     0     5     5     0     0  2.935E-03  1.162E-01  1.000E-07  3.958E-06  2.935E-03  1.162E-01  1.000E-07  3.958E-06  0.000  0.000  0.000  0.000  1.129E-01  0.000E+00
    102 3.958E+01 1.548E+03     0     5     5     0     0  2.935E-03  1.162E-01  1.000E-07  3.958E-06  2.935E-03  1.162E-01  1.000E-07  3.958E-06  0.000  0.000  0.000  0.000  1.136E-01  0.000E+00
    103 3.958E+01 1.588E+03     0     5     5     0     0  2.935E-03  1.162E-01  1.000E-07  3.958E-06  2.935E-03  1.162E-01  1.000E-07  3.958E-06  0.000  0.000  0.000  0.000  1.140E-01  0.000E+00
    104 3.958E+01 1.627E+03     0     5     5     0     0  2.935E-03  1.162E-01  1.000E-07  3.958E-06  2.935E-03  1.162E-01  1.000E-07  3.958E-06  0.000  0.000  0.000  0.000  1.130E-01  0.000E+00
    105 3.958E+01 1.667E+03     0     4     4     0     0  2.935E-03  1.162E-01  1.000E-07  3.958E-06  2.935E-03  1.162E-01  1.000E-07  3.958E-06  0.000  0.000  0.000  0.000  8.885E-02  0.000E+00
    106 4.353E+01 1.710E+03     0     5     5     0     0  2.935E-03  1.278E-01  1.000E-07  4.353E-06  2.935E-03  1.278E-01  1.000E-07  4.353E-06  0.000  0.000  0.000  0.000  1.134E-01  0.000E+00
    107 4.353E+01 1.754E+03     0     5     5     0     0  2.935E-03  1.278E-01  1.000E-07  4.353E-06  2.935E-03  1.278E-01  1.000E-07  4.353E-06  0.000  0.000  0.000  0.000  1.131E-01  0.000E+00
    108 4.353E+01 1.798E+03     0     5     5     0     0  2.935E-03  1.278E-01  1.000E-07  4.353E-06  2.935E-03  1.278E-01  1.000E-07  4.353E-06  0.000  0.000  0.000  0.000  1.121E-01  0.000E+00
    109 4.353E+01 1.841E+03     0     5     5     0     0  2.935E-03  1.278E-01  1.000E-07  4.353E-06  2.935E-03  1.278E-01  1.000E-07  4.353E-06  0.000  0.000  0.000  0.000  1.109E-01  0.000E+00
    110 4.353E+01 1.885E+03     0     5     5     0     0  2.935E-03  1.278E-01  1.000E-07  4.353E-06  2.935E-03  1.278E-01  1.000E-07  4.353E-06  0.000  0.000  0.000  0.000  1.113E-01  0.000E+00
    111 4.353E+01 1.928E+03     0     5     5     0     0  2.935E-03  1.278E-01  1.000E-07  4.353E-06  2.935E-03  1.278E-01  1.000E-07  4.353E-06  0.000  0.000  0.000  0.000  1.108E-01  0.000E+00
    112 4.353E+01 1.972E+03     0     5     5     0     0  2.935E-03  1.278E-01  1.000E-07  4.353E-06  2.935E-03  1.278E-01  1.000E-07  4.353E-06  0.000  0.000  0.000  0.000  1.096E-01  0.000E+00
    113 4.353E+01 2.015E+03     0     5     5     0     0  2.935E-03  1.278E-01  1.000E-07  4.353E-06  2.935E-03  1.278E-01  1.000E-07  4.353E-06  0.000  0.000  0.000  0.000  1.101E-01  0.000E+00
    114 4.353E+01 2.059E+03     0     5     5     0     0  2.935E-03  1.278E-01  1.000E-07  4.353E-06  2.935E-03  1.278E-01  1.000E-07  4.353E-06  0.000  0.000  0.000  0.000  1.115E-01  0.000E+00
    115 4.353E+01 2.102E+03     0     5     5     0     0  2.935E-03  1.278E-01  1.000E-07  4.353E-06  2.935E-03  1.278E-01  1.000E-07  4.353E-06  0.000  0.000  0.000  0.000  1.137E-01  0.000E+00
