#NSTP            DELTAT         TIME    POT. FLUX    ACT. FLUX    OVL. FLUX    RET. FLUX    SEEP FLUX    REC. FLUX     REC.VOL.
         1  9.76562E-02  9.76562E-02  2.93500E-03  2.93500E-03  0.00000E+00  0.00000E+00  0.00000E+00  0.00000E+00  0.00000E+00
         2  1.07422E-01  2.05078E-01  2.93500E-03  2.93500E-03  0.00000E+00  0.00000E+00  0.00000E+00  0.00000E+00  0.00000E+00
         3  1.18164E-01  3.23242E-01  2.93500E-03  2.93500E-03  0.00000E+00  0.00000E+00  0.00000E+00  0.00000E+00  0.00000E+00
         4  1.29980E-01  4.53223E-01  2.93500E-03  2.93500E-03  0.00000E+00  0.00000E+00  0.00000E+00  0.00000E+00  0.00000E+00
         5  1.42979E-01  5.96201E-01  2.93500E-03  2.93500E-03  0.00000E+00  0.00000E+00  0.00000E+00  0.00000E+00  0.00000E+00
         6  1.57276E-01  7.53478E-01  2.93500E-03  2.93500E-03  0.00000E+00  0.00000E+00  0.00000E+00  0.00000E+00  0.00000E+00
         7  1.73004E-01  9.26482E-01  2.93500E-03  2.93500E-03  0.00000E+00  0.00000E+00  0.00000E+00  0.00000E+00  0.00000E+00
         8  1.90304E-01  1.11679E+00  2.93500E-03  2.93500E-03  0.00000E+00  0.00000E+00  0.00000E+00  0.00000E+00  0.00000E+00
         9  2.09335E-01  1.32612E+00  2.93500E-03  2.93500E-03  0.00000E+00  0.00000E+00  0.00000E+00  0.00000E+00  0.00000E+00
        10  2.30268E-01  1.55639E+00  2.93500E-03  2.93500E-03  0.00000E+00  0.00000E+00  0.00000E+00  0.00000E+00  0.00000E+00
        11  2.53295E-01  1.80968E+00  2.93500E-03  2.93500E-03  0.00000E+00  0.00000E+00  0.00000E+00  0.00000E+00  0.00000E+00
        12  2.78625E-01  2.08831E+00  2.93500E-03  2.93500E-03  0.00000E+00  0.00000E+00  0.00000E+00  0.00000E+00  0.00000E+00
        13  3.06487E-01  2.39480E+00  2.93500E-03  2.93500E-03  0.00000E+00  0.00000E+00  0.00000E+00  0.00000E+00  0.00000E+00
        14  3.37136E-01  2.73193E+00  2.93500E-03  2.93500E-03  0.00000E+00  0.00000E+00  0.00000E+00  0.00000E+00  0.00000E+00
        15  3.70849E-01  3.10278E+00  2.93500E-03  2.93500E-03  0.00000E+00  0.00000E+00  0.00000E+00  0.00000E+00  0.00000E+00
        16  4.07934E-01  3.51072E+00  2.93500E-03  2.93500E-03  0.00000E+00  0.00000E+00  0.00000E+00  0.00000E+00  0.00000E+00
        17  4.48728E-01  3.95944E+00  2.93500E-03  2.93500E-03  0.00000E+00  0.00000E+00  0.00000E+00  0.00000E+00  0.00000E+00
        18  4.93601E-01  4.45304E+00  2.93500E-03  2.93500E-03  0.00000E+00  0.00000E+00  0.00000E+00  0.00000E+00  0.00000E+00
        19  5.42961E-01  4.99600E+00  2.93500E-03  2.93500E-03  0.00000E+00  0.00000E+00  0.00000E+00  0.00000E+00  0.00000E+00
        20  5.97257E-01  5.59326E+00  2.93500E-03  2.93500E-03  0.00000E+00  0.00000E+00  0.00000E+00  0.00000E+00  0.00000E+00
        21  6.56982E-01  6.25024E+00  2.93500E-03  2.93500E-03  0.00000E+00  0.00000E+00  0.00000E+00  0.00000E+00  0.00000E+00
        22  7.22681E-01  6.97292E+00  2.93500E-03  2.93500E-03  0.00000E+00  0.00000E+00  0.00000E+00  0.00000E+00  0.00000E+00
        23  7.94949E-01  7.76787E+00  2.93500E-03  2.93500E-03  0.00000E+00  0.00000E+00  0.00000E+00  0.00000E+00  0.00000E+00
        24  8.74444E-01  8.64232E+00  2.93500E-03  2.93500E-03  0.00000E+00  0.00000E+00  0.00000E+00  0.00000E+00  0.00000E+00
        25  9.61888E-01  9.60421E+00  2.93500E-03  2.93500E-03  0.00000E+00  0.00000E+00  0.00000E+00  0.00000E+00  0.00000E+00
        26  1.05808E+00  1.06623E+01  2.93500E-03  2.93500E-03  0.00000E+00  0.00000E+00  0.00000E+00  0.00000E+00  0.00000E+00
        27  1.16388E+00  1.18262E+01  2.93500E-03  2.93500E-03  0.00000E+00  0.00000E+00  0.00000E+00  0.00000E+00  0.00000E+00
        28  1.28027E+00  1.31064E+01  2.93500E-03  2.93500E-03  0.00000E+00  0.00000E+00  0.00000E+00  0.00000E+00  0.00000E+00
        29  1.40830E+00  1.45147E+01  2.93500E-03  2.93500E-03  0.00000E+00  0.00000E+00  0.00000E+00  0.00000E+00  0.00000E+00
        30  1.54913E+00  1.60639E+01  2.93500E-03  2.93500E-03  0.00000E+00  0.00000E+00  0.00000E+00  0.00000E+00  0.00000E+00
        31  1.70404E+00  1.77679E+01  2.93500E-03  2.93500E-03  0.00000E+00  0.00000E+00  0.00000E+00  0.00000E+00  0.00000E+00
        32  1.87445E+00  1.96424E+01  2.93500E-03  2.93500E-03  0.00000E+00  0.00000E+00  0.00000E+00  0.00000E+00  0.00000E+00
        33  2.06189E+00  2.17043E+01  2.93500E-03  2.93500E-03  0.00000E+00  0.00000E+00  0.00000E+00  0.00000E+00  0.00000E+00
        34  2.26808E+00  2.39723E+01  2.93500E-03  2.93500E-03  0.00000E+00  0.00000E+00  0.00000E+00  0.00000E+00  0.00000E+00
        35  2.49489E+00  2.64672E+01  2.93500E-03  2.93500E-03  0.00000E+00  0.00000E+00  0.00000E+00  0.00000E+00  0.00000E+00
        36  2.74438E+00  2.92116E+01  2.93500E-03  2.93500E-03  0.00000E+00  0.00000E+00  0.00000E+00  0.00000E+00  0.00000E+00
        37  3.01882E+00  3.22304E+01  2.93500E-03  2.93500E-03  0.00000E+00  0.00000E+00  0.00000E+00  0.00000E+00  0.00000E+00
        38  3.32070E+00  3.55511E+01  2.93500E-03  2.93500E-03  0.00000E+00  0.00000E+00  0.00000E+00  0.00000E+00  0.00000E+00
        39  3.65277E+00  3.92039E+01  2.93500E-03  2.93500E-03  0.00000E+00  0.00000E+00  0.00000E+00  0.00000E+00  0.00000E+00
        40  4.01804E+00  4.32219E+01  2.93500E-03  2.93500E-03  0.00000E+00  0.00000E+00  0.00000E+00  0.00000E+00  0.00000E+00
        41  4.41985E+00  4.76418E+01  2.93500E-03  2.93500E-03  0.00000E+00  0.00000E+00  0.00000E+00  0.00000E+00  0.00000E+00
        42  4.86183E+00  5.25036E+01  2.93500E-03  2.93500E-03  0.00000E+00  0.00000E+00  0.00000E+00  0.00000E+00  0.00000E+00
        43  5.34802E+00  5.78516E+01  2.93500E-03  2.93500E-03  0.00000E+00  0.00000E+00  0.00000E+00  0.00000E+00  0.00000E+00
        44  5.88282E+00  6.37344E+01  2.93500E-03  2.93500E-03  0.00000E+00  0.00000E+00  0.00000E+00  0.00000E+00  0.00000E+00
        45  6.47110E+00  7.02056E+01  2.93500E-03  2.93500E-03  0.00000E+00  0.00000E+00  0.00000E+00  0.00000E+00  0.00000E+00
        46  7.11821E+00  7.73238E+01  2.93500E-03  2.93500E-03  0.00000E+00  0.00000E+00  0.00000E+00  0.00000E+00  0.00000E+00
        47  7.83003E+00  8.51538E+01  2.93500E-03  2.93500E-03  0.00000E+00  0.00000E+00  0.00000E+00  0.00000E+00  0.00000E+00
        48  8.61304E+00  9.37668E+01  2.93500E-03  2.93500E-03  0.00000E+00  0.00000E+00  0.00000E+00  0.00000E+00  0.00000E+00
        49  9.47434E+00  1.03241E+02  2.93500E-03  2.93500E-03  0.00000E+00  0.00000E+00  0.00000E+00  0.00000E+00  0.00000E+00
        50  1.04218E+01  1.13663E+02  2.93500E-03  2.93500E-03  0.00000E+00  0.00000E+00  0.00000E+00  0.00000E+00  0.00000E+00
        51  1.14640E+01  1.25127E+02  2.93500E-03  2.93500E-03  0.00000E+00  0.00000E+00  0.00000E+00  0.00000E+00  0.00000E+00
        52  1.26103E+01  1.37737E+02  2.93500E-03  2.93500E-03  0.00000E+00  0.00000E+00  0.00000E+00  0.00000E+00  0.00000E+00
        53  1.38714E+01  1.51609E+02  2.93500E-03  2.93500E-03  0.00000E+00  0.00000E+00  0.00000E+00  0.00000E+00  0.00000E+00
        54  1.52585E+01  1.66867E+02  2.93500E-03  2.93500E-03  0.00000E+00  0.00000E+00  0.00000E+00  0.00000E+00  0.00000E+00
        55  1.67844E+01  1.83652E+02  2.93500E-03  2.93500E-03  0.00000E+00  0.00000E+00  0.00000E+00  0.00000E+00  0.00000E+00
        56  1.84628E+01  2.02114E+02  2.93500E-03  2.93500E-03  0.00000E+00  0.00000E+00  0.00000E+00  0.00000E+00  0.00000E+00
        57  2.03091E+01  2.22423E+02  2.93500E-03  2.93500E-03  0.00000E+00  0.00000E+00  0.00000E+00  0.00000E+00  0.00000E+00
        58  2.23400E+01  2.44763E+02  2.93500E-03  2.93500E-03  0.00000E+00  0.00000E+00  0.00000E+00  0.00000E+00  0.00000E+00
        59  2.45740E+01  2.69337E+02  2.93500E-03  2.93500E-03  0.00000E+00  0.00000E+00  0.00000E+00  0.00000E+00  0.00000E+00
        60  2.45740E+01  2.93911E+02  2.93500E-03  2.93500E-03  0.00000E+00  0.00000E+00  0.00000E+00  0.00000E+00  0.00000E+00
        61  2.45740E+01  3.18485E+02  2.93500E-03  2.93500E-03  0.00000E+00  0.00000E+00  0.00000E+00  0.00000E+00  0.00000E+00
        62  2.45740E+01  3.43059E+02  2.93500E-03  2.93500E-03  0.00000E+00  0.00000E+00  0.00000E+00  0.00000E+00  0.00000E+00
        63  2.45740E+01  3.67633E+02  2.93500E-03  2.93500E-03  0.00000E+00  0.00000E+00  0.00000E+00  0.00000E+00  0.00000E+00
        64  2.45740E+01  3.92207E+02  2.93500E-03  2.93500E-03  0.00000E+00  0.00000E+00  0.00000E+00  0.00000E+00  0.00000E+00
        65  2.45740E+01  4.16781E+02  2.93500E-03  2.93500E-03  0.00000E+00  0.00000E+00  0.00000E+00  0.00000E+00  0.00000E+00
        66  2.45740E+01  4.41355E+02  2.93500E-03  2.93500E-03  0.00000E+00  0.00000E+00  0.00000E+00  0.00000E+00  0.00000E+00
        67  2.45740E+01  4.65929E+02  2.93500E-03  2.93500E-03  0.00000E+00  0.00000E+00  0.00000E+00  0.00000E+00  0.00000E+00
        68  2.45740E+01  4.90503E+02  2.93500E-03  2.93500E-03  0.00000E+00  0.00000E+00  0.00000E+00  0.00000E+00  0.00000E+00
        69  2.45740E+01  5.15077E+02  2.93500E-03  2.93500E-03  0.00000E+00  0.00000E+00  0.00000E+00  0.00000E+00  0.00000E+00
        70  2.45740E+01  5.39651E+02  2.93500E-03  2.93500E-03  0.00000E+00  0.00000E+00  0.00000E+00  0.00000E+00  0.00000E+00
        71  2.45740E+01  5.64225E+02  2.93500E-03  2.93500E-03  0.00000E+00  0.00000E+00  0.00000E+00  0.00000E+00  0.00000E+00
        72  2.45740E+01  5.88799E+02  2.93500E-03  2.93500E-03  0.00000E+00  0.00000E+00  0.00000E+00  0.00000E+00  0.00000E+00
        73  2.45740E+01  6.13373E+02  2.93500E-03  2.93500E-03  0.00000E+00  0.00000E+00  0.00000E+00  0.00000E+00  0.00000E+00
        74  2.45740E+01  6.37947E+02  2.93500E-03  2.93500E-03  0.00000E+00  0.00000E+00  0.00000E+00  0.00000E+00  0.00000E+00
        75  2.45740E+01  6.62521E+02  2.93500E-03  2.93500E-03  0.00000E+00  0.00000E+00  0.00000E+00  0.00000E+00  0.00000E+00
        76  2.45740E+01  6.87095E+02  2.93500E-03  2.93500E-03  0.00000E+00  0.00000E+00  0.00000E+00  0.00000E+00  0.00000E+00
        77  2.70314E+01  7.14127E+02  2.93500E-03  2.93500E-03  0.00000E+00  0.00000E+00  0.00000E+00  0.00000E+00  0.00000E+00
        78  2.70314E+01  7.41158E+02  2.93500E-03  2.93500E-03  0.00000E+00  0.00000E+00  0.00000E+00  0.00000E+00  0.00000E+00
        79  2.70314E+01  7.68190E+02  2.93500E-03  2.93500E-03  0.00000E+00  0.00000E+00  0.00000E+00  0.00000E+00  0.00000E+00
        80  2.70314E+01  7.95221E+02  2.93500E-03  2.93500E-03  0.00000E+00  0.00000E+00  0.00000E+00  0.00000E+00  0.00000E+00
        81  2.70314E+01  8.22252E+02  2.93500E-03  2.93500E-03  0.00000E+00  0.00000E+00  0.00000E+00  0.00000E+00  0.00000E+00
        82  2.97345E+01  8.51987E+02  2.93500E-03  2.93500E-03  0.00000E+00  0.00000E+00  0.00000E+00  0.00000E+00  0.00000E+00
        83  2.97345E+01  8.81721E+02  2.93500E-03  2.93500E-03  0.00000E+00  0.00000E+00  0.00000E+00  0.00000E+00  0.00000E+00
        84  2.97345E+01  9.11456E+02  2.93500E-03  2.93500E-03  0.00000E+00  0.00000E+00  0.00000E+00  0.00000E+00  0.00000E+00
        85  2.97345E+01  9.41190E+02  2.93500E-03  2.93500E-03  0.00000E+00  0.00000E+00  0.00000E+00  0.00000E+00  0.00000E+00
        86  2.97345E+01  9.70925E+02  2.93500E-03  2.93500E-03  0.00000E+00  0.00000E+00  0.00000E+00  0.00000E+00  0.00000E+00
        87  3.27080E+01  1.00363E+03  2.93500E-03  2.93500E-03  0.00000E+00  0.00000E+00  0.00000E+00  0.00000E+00  0.00000E+00
        88  3.27080E+01  1.03634E+03  2.93500E-03  2.93500E-03  0.00000E+00  0.00000E+00  0.00000E+00  0.00000E+00  0.00000E+00
        89  3.27080E+01  1.06905E+03  2.93500E-03  2.93500E-03  0.00000E+00  0.00000E+00  0.00000E+00  0.00000E+00  0.00000E+00
        90  3.27080E+01  1.10176E+03  2.93500E-03  2.93500E-03  0.00000E+00  0.00000E+00  0.00000E+00  0.00000E+00  0.00000E+00
        91  3.27080E+01  1.13446E+03  2.93500E-03  2.93500E-03  0.00000E+00  0.00000E+00  0.00000E+00  0.00000E+00  0.00000E+00
        92  3.59788E+01  1.17044E+03  2.93500E-03  2.93500E-03  0.00000E+00  0.00000E+00  0.00000E+00  0.00000E+00  0.00000E+00
        93  3.59788E+01  1.20642E+03  2.93500E-03  2.93500E-03  0.00000E+00  0.00000E+00  0.00000E+00  0.00000E+00  0.00000E+00
        94  3.59788E+01  1.24240E+03  2.93500E-03  2.93500E-03  0.00000E+00  0.00000E+00  0.00000E+00  0.00000E+00  0.00000E+00
        95  3.59788E+01  1.27838E+03  2.93500E-03  2.93500E-03  0.00000E+00  0.00000E+00  0.00000E+00  0.00000E+00  0.00000E+00
        96  3.59788E+01  1.31436E+03  2.93500E-03  2.93500E-03  0.00000E+00  0.00000E+00  0.00000E+00  0.00000E+00  0.00000E+00
        97  3.59788E+01  1.35034E+03  2.93500E-03  2.93500E-03  0.00000E+00  0.00000E+00  0.00000E+00  0.00000E+00  0.00000E+00
        98  3.95767E+01  1.38991E+03  2.93500E-03  2.93500E-03  0.00000E+00  0.00000E+00  0.00000E+00  0.00000E+00  0.00000E+00
        99  3.95767E+01  1.42949E+03  2.93500E-03  2.93500E-03  0.00000E+00  0.00000E+00  0.00000E+00  0.00000E+00  0.00000E+00
       100  3.95767E+01  1.46907E+03  2.93500E-03  2.93500E-03  0.00000E+00  0.00000E+00  0.00000E+00  0.00000E+00  0.00000E+00
       101  3.95767E+01  1.50864E+03  2.93500E-03  2.93500E-03  0.00000E+00  0.00000E+00  0.00000E+00  0.00000E+00  0.00000E+00
       102  3.95767E+01  1.54822E+03  2.93500E-03  2.93500E-03  0.00000E+00  0.00000E+00  0.00000E+00  0.00000E+00  0.00000E+00
       103  3.95767E+01  1.58780E+03  2.93500E-03  2.93500E-03  0.00000E+00  0.00000E+00  0.00000E+00  0.00000E+00  0.00000E+00
       104  3.95767E+01  1.62737E+03  2.93500E-03  2.93500E-03  0.00000E+00  0.00000E+00  0.00000E+00  0.00000E+00  0.00000E+00
       105  3.95767E+01  1.66695E+03  2.93500E-03  2.93500E-03  0.00000E+00  0.00000E+00  0.00000E+00  0.00000E+00  0.00000E+00
       106  4.35343E+01  1.71049E+03  2.93500E-03  2.93500E-03  0.00000E+00  0.00000E+00  0.00000E+00  0.00000E+00  0.00000E+00
       107  4.35343E+01  1.75402E+03  2.93500E-03  2.93500E-03  0.00000E+00  0.00000E+00  0.00000E+00  0.00000E+00  0.00000E+00
       108  4.35343E+01  1.79755E+03  2.93500E-03  2.93500E-03  0.00000E+00  0.00000E+00  0.00000E+00  0.00000E+00  0.00000E+00
       109  4.35343E+01  1.84109E+03  2.93500E-03  2.93500E-03  0.00000E+00  0.00000E+00  0.00000E+00  0.00000E+00  0.00000E+00
       110  4.35343E+01  1.88462E+03  2.93500E-03  2.93500E-03  0.00000E+00  0.00000E+00  0.00000E+00  0.00000E+00  0.00000E+00
       111  4.35343E+01  1.92816E+03  2.93500E-03  2.93500E-03  0.00000E+00  0.00000E+00  0.00000E+00  0.00000E+00  0.00000E+00
       112  4.35343E+01  1.97169E+03  2.93500E-03  2.93500E-03  0.00000E+00  0.00000E+00  0.00000E+00  0.00000E+00  0.00000E+00
       113  4.35343E+01  2.01523E+03  2.93500E-03  2.93500E-03  0.00000E+00  0.00000E+00  0.00000E+00  0.00000E+00  0.00000E+00
       114  4.35343E+01  2.05876E+03  2.93500E-03  2.93500E-03  0.00000E+00  0.00000E+00  0.00000E+00  0.00000E+00  0.00000E+00
       115  4.35343E+01  2.10229E+03  2.93500E-03  2.93500E-03  0.00000E+00  0.00000E+00  0.00000E+00  0.00000E+00  0.00000E+00
       116  4.35343E+01  2.14583E+03  2.93500E-03  2.93500E-03  0.00000E+00  0.00000E+00  0.00000E+00  0.00000E+00  0.00000E+00
       117  4.78878E+01  2.19372E+03  2.93500E-03  2.93500E-03  0.00000E+00  0.00000E+00  0.00000E+00  0.00000E+00  0.00000E+00
       118  4.78878E+01  2.24160E+03  2.93500E-03  2.93500E-03  0.00000E+00  0.00000E+00  0.00000E+00  0.00000E+00  0.00000E+00
       119  4.78878E+01  2.28949E+03  2.93500E-03  2.93500E-03  0.00000E+00  0.00000E+00  0.00000E+00  0.00000E+00  0.00000E+00
       120  4.78878E+01  2.33738E+03  2.93500E-03  2.93500E-03  0.00000E+00  0.00000E+00  0.00000E+00  0.00000E+00  0.00000E+00
       121  4.78878E+01  2.38527E+03  2.93500E-03  2.93500E-03  0.00000E+00  0.00000E+00  0.00000E+00  0.00000E+00  0.00000E+00
       122  4.78878E+01  2.43316E+03  2.93500E-03  2.93500E-03  0.00000E+00  0.00000E+00  0.00000E+00  0.00000E+00  0.00000E+00
       123  4.78878E+01  2.48104E+03  2.93500E-03  2.93500E-03  0.00000E+00  0.00000E+00  0.00000E+00  0.00000E+00  0.00000E+00
       124  4.78878E+01  2.52893E+03  2.93500E-03  2.93500E-03  0.00000E+00  0.00000E+00  0.00000E+00  0.00000E+00  0.00000E+00
       125  4.78878E+01  2.57682E+03  2.93500E-03  2.93500E-03  0.00000E+00  0.00000E+00  0.00000E+00  0.00000E+00  0.00000E+00
       126  4.78878E+01  2.62471E+03  2.93500E-03  2.93500E-03  0.00000E+00  0.00000E+00  0.00000E+00  0.00000E+00  0.00000E+00
       127  4.78878E+01  2.67259E+03  2.93500E-03  2.93500E-03  0.00000E+00  0.00000E+00  0.00000E+00  0.00000E+00  0.00000E+00
       128  5.26765E+01  2.72527E+03  2.93500E-03  2.93500E-03  0.00000E+00  0.00000E+00  0.00000E+00  0.00000E+00  0.00000E+00
