# NSTEP            DELTAT              TIME NET NANSF NEU VOL NET NANSF NEU FLX
      1      9.765625000E-02      9.765625000E-02      0.000000000E+00      0.000000000E+00
      2      1.074218750E-01      2.050781250E-01      0.000000000E+00      0.000000000E+00
      3      1.181640625E-01      3.232421875E-01      0.000000000E+00      0.000000000E+00
      4      1.299804688E-01      4.532226563E-01      0.000000000E+00      0.000000000E+00
      5      1.429785156E-01      5.962011719E-01      0.000000000E+00      0.000000000E+00
      6      1.572763672E-01      7.534775391E-01      0.000000000E+00      0.000000000E+00
      7      1.730040039E-01      9.264815430E-01      0.000000000E+00      0.000000000E+00
      8      1.903044043E-01      1.116785947E+00      0.000000000E+00      0.000000000E+00
      9      2.093348447E-01      1.326120792E+00      0.000000000E+00      0.000000000E+00
     10      2.302683292E-01      1.556389121E+00      0.000000000E+00      0.000000000E+00
     11      2.532951621E-01      1.809684283E+00      0.000000000E+00      0.000000000E+00
     12      2.786246783E-01      2.088308962E+00      0.000000000E+00      0.000000000E+00
     13      3.064871462E-01      2.394796108E+00      0.000000000E+00      0.000000000E+00
     14      3.371358608E-01      2.731931969E+00      0.000000000E+00      0.000000000E+00
     15      3.708494469E-01      3.102781415E+00      0.000000000E+00      0.000000000E+00
     16      4.079343915E-01      3.510715807E+00      0.000000000E+00      0.000000000E+00
     17      4.487278307E-01      3.959443638E+00      0.000000000E+00      0.000000000E+00
     18      4.936006138E-01      4.453044251E+00      0.000000000E+00      0.000000000E+00
     19      5.429606751E-01      4.996004927E+00      0.000000000E+00      0.000000000E+00
     20      5.972567427E-01      5.593261669E+00      0.000000000E+00      0.000000000E+00
     21      6.569824169E-01      6.250244086E+00      0.000000000E+00      0.000000000E+00
     22      7.226806586E-01      6.972924745E+00      0.000000000E+00      0.000000000E+00
     23      7.949487245E-01      7.767873469E+00      0.000000000E+00      0.000000000E+00
     24      8.744435969E-01      8.642317066E+00      0.000000000E+00      0.000000000E+00
     25      9.618879566E-01      9.604205023E+00      0.000000000E+00      0.000000000E+00
     26      1.058076752E+00      1.066228178E+01      0.000000000E+00      0.000000000E+00
     27      1.163884428E+00      1.182616620E+01      0.000000000E+00      0.000000000E+00
     28      1.280272870E+00      1.310643907E+01      0.000000000E+00      0.000000000E+00
     29      1.408300157E+00      1.451473923E+01      0.000000000E+00      0.000000000E+00
     30      1.549130173E+00      1.606386940E+01      0.000000000E+00      0.000000000E+00
     31      1.704043190E+00      1.776791259E+01      0.000000000E+00      0.000000000E+00
     32      1.874447509E+00      1.964236010E+01      0.000000000E+00      0.000000000E+00
     33      2.061892260E+00      2.170425236E+01      0.000000000E+00      0.000000000E+00
     34      2.268081486E+00      2.397233385E+01      0.000000000E+00      0.000000000E+00
     35      2.494889635E+00      2.646722348E+01      0.000000000E+00      0.000000000E+00
     36      2.744378598E+00      2.921160208E+01      0.000000000E+00      0.000000000E+00
     37      3.018816458E+00      3.223041854E+01      0.000000000E+00      0.000000000E+00
     38      3.320698104E+00      3.555111665E+01      0.000000000E+00      0.000000000E+00
     39      3.652767915E+00      3.920388456E+01      0.000000000E+00      0.000000000E+00
     40      4.018044706E+00      4.322192927E+01      0.000000000E+00      0.000000000E+00
     41      4.419849177E+00      4.764177844E+01      0.000000000E+00      0.000000000E+00
     42      4.861834094E+00      5.250361254E+01      0.000000000E+00      0.000000000E+00
     43      5.348017504E+00      5.785163004E+01      0.000000000E+00      0.000000000E+00
     44      5.882819254E+00      6.373444929E+01      0.000000000E+00      0.000000000E+00
     45      6.471101179E+00      7.020555047E+01      0.000000000E+00      0.000000000E+00
     46      7.118211297E+00      7.732376177E+01      0.000000000E+00      0.000000000E+00
     47      7.830032427E+00      8.515379420E+01      0.000000000E+00      0.000000000E+00
     48      8.613035670E+00      9.376682987E+01      0.000000000E+00      0.000000000E+00
     49      9.474339237E+00      1.032411691E+02      0.000000000E+00      0.000000000E+00
     50      1.042177316E+01      1.136629423E+02      0.000000000E+00      0.000000000E+00
     51      1.146395048E+01      1.251268927E+02      0.000000000E+00      0.000000000E+00
     52      1.261034552E+01      1.377372383E+02      0.000000000E+00      0.000000000E+00
     53      1.387138008E+01      1.516086183E+02      0.000000000E+00      0.000000000E+00
     54      1.525851808E+01      1.668671364E+02      0.000000000E+00      0.000000000E+00
     55      1.678436989E+01      1.836515063E+02      0.000000000E+00      0.000000000E+00
     56      1.846280688E+01      2.021143132E+02      0.000000000E+00      0.000000000E+00
     57      2.030908757E+01      2.224234008E+02      0.000000000E+00      0.000000000E+00
     58      2.233999633E+01      2.447633971E+02      0.000000000E+00      0.000000000E+00
     59      2.457399596E+01      2.693373931E+02      0.000000000E+00      0.000000000E+00
     60      2.457399596E+01      2.939113890E+02      0.000000000E+00      0.000000000E+00
     61      2.457399596E+01      3.184853850E+02      0.000000000E+00      0.000000000E+00
     62      2.457399596E+01      3.430593809E+02      0.000000000E+00      0.000000000E+00
     63      2.457399596E+01      3.676333769E+02      0.000000000E+00      0.000000000E+00
     64      2.457399596E+01      3.922073729E+02      0.000000000E+00      0.000000000E+00
     65      2.457399596E+01      4.167813688E+02      0.000000000E+00      0.000000000E+00
     66      2.457399596E+01      4.413553648E+02      0.000000000E+00      0.000000000E+00
     67      2.457399596E+01      4.659293607E+02      0.000000000E+00      0.000000000E+00
     68      2.457399596E+01      4.905033567E+02      0.000000000E+00      0.000000000E+00
     69      2.457399596E+01      5.150773527E+02      0.000000000E+00      0.000000000E+00
     70      2.457399596E+01      5.396513486E+02      0.000000000E+00      0.000000000E+00
     71      2.457399596E+01      5.642253446E+02      0.000000000E+00      0.000000000E+00
     72      2.457399596E+01      5.887993405E+02      0.000000000E+00      0.000000000E+00
     73      2.457399596E+01      6.133733365E+02      0.000000000E+00      0.000000000E+00
     74      2.457399596E+01      6.379473325E+02      0.000000000E+00      0.000000000E+00
     75      2.457399596E+01      6.625213284E+02      0.000000000E+00      0.000000000E+00
     76      2.457399596E+01      6.870953244E+02      0.000000000E+00      0.000000000E+00
     77      2.703139556E+01      7.141267199E+02      0.000000000E+00      0.000000000E+00
     78      2.703139556E+01      7.411581155E+02      0.000000000E+00      0.000000000E+00
     79      2.703139556E+01      7.681895110E+02      0.000000000E+00      0.000000000E+00
     80      2.703139556E+01      7.952209066E+02      0.000000000E+00      0.000000000E+00
     81      2.703139556E+01      8.222523022E+02      0.000000000E+00      0.000000000E+00
     82      2.973453511E+01      8.519868373E+02      0.000000000E+00      0.000000000E+00
     83      2.973453511E+01      8.817213724E+02      0.000000000E+00      0.000000000E+00
     84      2.973453511E+01      9.114559075E+02      0.000000000E+00      0.000000000E+00
     85      2.973453511E+01      9.411904426E+02      0.000000000E+00      0.000000000E+00
     86      2.973453511E+01      9.709249777E+02      0.000000000E+00      0.000000000E+00
     87      3.270798862E+01      1.003632966E+03      0.000000000E+00      0.000000000E+00
     88      3.270798862E+01      1.036340955E+03      0.000000000E+00      0.000000000E+00
     89      3.270798862E+01      1.069048944E+03      0.000000000E+00      0.000000000E+00
     90      3.270798862E+01      1.101756932E+03      0.000000000E+00      0.000000000E+00
