#NSTEP     DELTAT       TIME   NET NATM,NSF DIR FLUX   NET NATM,NSF NEU FLUX
     1  9.766E-02  9.766E-02             0.00000E+00             0.00000E+00
     2  1.074E-01  2.051E-01             0.00000E+00             0.00000E+00
     3  1.182E-01  3.232E-01             0.00000E+00             0.00000E+00
     4  1.300E-01  4.532E-01             0.00000E+00             0.00000E+00
     5  1.430E-01  5.962E-01             0.00000E+00             0.00000E+00
     6  1.573E-01  7.535E-01             0.00000E+00             0.00000E+00
     7  1.730E-01  9.265E-01             0.00000E+00             0.00000E+00
     8  1.903E-01  1.117E+00             0.00000E+00             0.00000E+00
     9  2.093E-01  1.326E+00             0.00000E+00             0.00000E+00
    10  2.303E-01  1.556E+00             0.00000E+00             0.00000E+00
    11  2.533E-01  1.810E+00             0.00000E+00             0.00000E+00
    12  2.786E-01  2.088E+00             0.00000E+00             0.00000E+00
    13  3.065E-01  2.395E+00             0.00000E+00             0.00000E+00
    14  3.371E-01  2.732E+00             0.00000E+00             0.00000E+00
    15  3.708E-01  3.103E+00             0.00000E+00             0.00000E+00
    16  4.079E-01  3.511E+00             0.00000E+00             0.00000E+00
    17  4.487E-01  3.959E+00             0.00000E+00             0.00000E+00
    18  4.936E-01  4.453E+00             0.00000E+00             0.00000E+00
    19  5.430E-01  4.996E+00             0.00000E+00             0.00000E+00
    20  5.973E-01  5.593E+00             0.00000E+00             0.00000E+00
    21  6.570E-01  6.250E+00             0.00000E+00             0.00000E+00
    22  7.227E-01  6.973E+00             0.00000E+00             0.00000E+00
    23  7.949E-01  7.768E+00             0.00000E+00             0.00000E+00
    24  8.744E-01  8.642E+00             0.00000E+00             0.00000E+00
    25  9.619E-01  9.604E+00             0.00000E+00             0.00000E+00
    26  1.058E+00  1.066E+01             0.00000E+00             0.00000E+00
    27  1.164E+00  1.183E+01             0.00000E+00             0.00000E+00
    28  1.280E+00  1.311E+01             0.00000E+00             0.00000E+00
    29  1.408E+00  1.451E+01             0.00000E+00             0.00000E+00
    30  1.549E+00  1.606E+01             0.00000E+00             0.00000E+00
    31  1.704E+00  1.777E+01             0.00000E+00             0.00000E+00
    32  1.874E+00  1.964E+01             0.00000E+00             0.00000E+00
    33  2.062E+00  2.170E+01             0.00000E+00             0.00000E+00
    34  2.268E+00  2.397E+01             0.00000E+00             0.00000E+00
    35  2.495E+00  2.647E+01             0.00000E+00             0.00000E+00
    36  2.744E+00  2.921E+01             0.00000E+00             0.00000E+00
    37  3.019E+00  3.223E+01             0.00000E+00             0.00000E+00
    38  3.321E+00  3.555E+01             0.00000E+00             0.00000E+00
    39  3.653E+00  3.920E+01             0.00000E+00             0.00000E+00
    40  4.018E+00  4.322E+01             0.00000E+00             0.00000E+00
    41  4.420E+00  4.764E+01             0.00000E+00             0.00000E+00
    42  4.862E+00  5.250E+01             0.00000E+00             0.00000E+00
    43  5.348E+00  5.785E+01             0.00000E+00             0.00000E+00
    44  5.883E+00  6.373E+01             0.00000E+00             0.00000E+00
    45  6.471E+00  7.021E+01             0.00000E+00             0.00000E+00
    46  7.118E+00  7.732E+01             0.00000E+00             0.00000E+00
    47  7.830E+00  8.515E+01             0.00000E+00             0.00000E+00
    48  8.613E+00  9.377E+01             0.00000E+00             0.00000E+00
    49  9.474E+00  1.032E+02             0.00000E+00             0.00000E+00
    50  1.042E+01  1.137E+02             0.00000E+00             0.00000E+00
    51  1.146E+01  1.251E+02             0.00000E+00             0.00000E+00
    52  1.261E+01  1.377E+02             0.00000E+00             0.00000E+00
    53  1.387E+01  1.516E+02             0.00000E+00             0.00000E+00
    54  1.526E+01  1.669E+02             0.00000E+00             0.00000E+00
    55  1.678E+01  1.837E+02             0.00000E+00             0.00000E+00
    56  1.846E+01  2.021E+02             0.00000E+00             0.00000E+00
    57  2.031E+01  2.224E+02             0.00000E+00             0.00000E+00
    58  2.234E+01  2.448E+02             0.00000E+00             0.00000E+00
    59  2.457E+01  2.693E+02             0.00000E+00             0.00000E+00
    60  2.457E+01  2.939E+02             0.00000E+00             0.00000E+00
    61  2.457E+01  3.185E+02             0.00000E+00             0.00000E+00
    62  2.457E+01  3.431E+02             0.00000E+00             0.00000E+00
    63  2.457E+01  3.676E+02             0.00000E+00             0.00000E+00
    64  2.457E+01  3.922E+02             0.00000E+00             0.00000E+00
    65  2.457E+01  4.168E+02             0.00000E+00             0.00000E+00
    66  2.457E+01  4.414E+02             0.00000E+00             0.00000E+00
    67  2.457E+01  4.659E+02             0.00000E+00             0.00000E+00
    68  2.457E+01  4.905E+02             0.00000E+00             0.00000E+00
    69  2.457E+01  5.151E+02             0.00000E+00             0.00000E+00
    70  2.457E+01  5.397E+02             0.00000E+00             0.00000E+00
    71  2.457E+01  5.642E+02             0.00000E+00             0.00000E+00
    72  2.457E+01  5.888E+02             0.00000E+00             0.00000E+00
    73  2.457E+01  6.134E+02             0.00000E+00             0.00000E+00
    74  2.457E+01  6.379E+02             0.00000E+00             0.00000E+00
    75  2.457E+01  6.625E+02             0.00000E+00             0.00000E+00
    76  2.457E+01  6.871E+02             0.00000E+00             0.00000E+00
    77  2.703E+01  7.141E+02             0.00000E+00             0.00000E+00
    78  2.703E+01  7.412E+02             0.00000E+00             0.00000E+00
    79  2.703E+01  7.682E+02             0.00000E+00             0.00000E+00
    80  2.703E+01  7.952E+02             0.00000E+00             0.00000E+00
    81  2.703E+01  8.223E+02             0.00000E+00             0.00000E+00
    82  2.973E+01  8.520E+02             0.00000E+00             0.00000E+00
    83  2.973E+01  8.817E+02             0.00000E+00             0.00000E+00
    84  2.973E+01  9.115E+02             0.00000E+00             0.00000E+00
    85  2.973E+01  9.412E+02             0.00000E+00             0.00000E+00
    86  2.973E+01  9.709E+02             0.00000E+00             0.00000E+00
    87  3.271E+01  1.004E+03             0.00000E+00             0.00000E+00
    88  3.271E+01  1.036E+03             0.00000E+00             0.00000E+00
    89  3.271E+01  1.069E+03             0.00000E+00             0.00000E+00
    90  3.271E+01  1.102E+03             0.00000E+00             0.00000E+00
    91  3.271E+01  1.134E+03             0.00000E+00             0.00000E+00
    92  3.598E+01  1.170E+03             0.00000E+00             0.00000E+00
    93  3.598E+01  1.206E+03             0.00000E+00             0.00000E+00
    94  3.598E+01  1.242E+03             0.00000E+00             0.00000E+00
    95  3.598E+01  1.278E+03             0.00000E+00             0.00000E+00
    96  3.598E+01  1.314E+03             0.00000E+00             0.00000E+00
    97  3.598E+01  1.350E+03             0.00000E+00             0.00000E+00
    98  3.958E+01  1.390E+03             0.00000E+00             0.00000E+00
    99  3.958E+01  1.429E+03             0.00000E+00             0.00000E+00
   100  3.958E+01  1.469E+03             0.00000E+00             0.00000E+00
   101  3.958E+01  1.509E+03             0.00000E+00             0.00000E+00
   102  3.958E+01  1.548E+03             0.00000E+00             0.00000E+00
   103  3.958E+01  1.588E+03             0.00000E+00             0.00000E+00
   104  3.958E+01  1.627E+03             0.00000E+00             0.00000E+00
   105  3.958E+01  1.667E+03             0.00000E+00             0.00000E+00
   106  4.353E+01  1.710E+03             0.00000E+00             0.00000E+00
   107  4.353E+01  1.754E+03             0.00000E+00             0.00000E+00
   108  4.353E+01  1.798E+03             0.00000E+00             0.00000E+00
