#       1
#          TIME               12
  9.76562500E-02  0.00000000E+00  0.00000000E+00  0.00000000E+00  0.00000000E+00
  2.05078125E-01  0.00000000E+00  0.00000000E+00  0.00000000E+00  0.00000000E+00
  3.23242188E-01  0.00000000E+00  0.00000000E+00  0.00000000E+00  0.00000000E+00
  4.53222656E-01  0.00000000E+00  0.00000000E+00  0.00000000E+00  0.00000000E+00
  5.96201172E-01  0.00000000E+00  0.00000000E+00  0.00000000E+00  0.00000000E+00
  7.53477539E-01  0.00000000E+00  0.00000000E+00  0.00000000E+00  0.00000000E+00
  9.26481543E-01  0.00000000E+00  0.00000000E+00  0.00000000E+00  0.00000000E+00
  1.11678595E+00  0.00000000E+00  0.00000000E+00  0.00000000E+00  0.00000000E+00
  1.32612079E+00  0.00000000E+00  0.00000000E+00  0.00000000E+00  0.00000000E+00
  1.55638912E+00  0.00000000E+00  0.00000000E+00  0.00000000E+00  0.00000000E+00
  1.80968428E+00  0.00000000E+00  0.00000000E+00  0.00000000E+00  0.00000000E+00
  2.08830896E+00  0.00000000E+00  0.00000000E+00  0.00000000E+00  0.00000000E+00
  2.39479611E+00  0.00000000E+00  0.00000000E+00  0.00000000E+00  0.00000000E+00
  2.73193197E+00  0.00000000E+00  0.00000000E+00  0.00000000E+00  0.00000000E+00
  3.10278142E+00  0.00000000E+00  0.00000000E+00  0.00000000E+00  0.00000000E+00
  3.51071581E+00  0.00000000E+00  0.00000000E+00  0.00000000E+00  0.00000000E+00
  3.95944364E+00  0.00000000E+00  0.00000000E+00  0.00000000E+00  0.00000000E+00
  4.45304425E+00  0.00000000E+00  0.00000000E+00  0.00000000E+00  0.00000000E+00
  4.99600493E+00  0.00000000E+00  0.00000000E+00  0.00000000E+00  0.00000000E+00
  5.59326167E+00  0.00000000E+00  0.00000000E+00  0.00000000E+00  0.00000000E+00
  6.25024409E+00  0.00000000E+00  0.00000000E+00  0.00000000E+00  0.00000000E+00
  6.97292474E+00  0.00000000E+00  0.00000000E+00  0.00000000E+00  0.00000000E+00
  7.76787347E+00  0.00000000E+00  0.00000000E+00  0.00000000E+00  0.00000000E+00
  8.64231707E+00  0.00000000E+00  0.00000000E+00  0.00000000E+00  0.00000000E+00
  9.60420502E+00  0.00000000E+00  0.00000000E+00  0.00000000E+00  0.00000000E+00
  1.06622818E+01  0.00000000E+00  0.00000000E+00  0.00000000E+00  0.00000000E+00
  1.18261662E+01  0.00000000E+00  0.00000000E+00  0.00000000E+00  0.00000000E+00
  1.31064391E+01  0.00000000E+00  0.00000000E+00  0.00000000E+00  0.00000000E+00
  1.45147392E+01  0.00000000E+00  0.00000000E+00  0.00000000E+00  0.00000000E+00
  1.60638694E+01  0.00000000E+00  0.00000000E+00  0.00000000E+00  0.00000000E+00
  1.77679126E+01  0.00000000E+00  0.00000000E+00  0.00000000E+00  0.00000000E+00
  1.96423601E+01  0.00000000E+00  0.00000000E+00  0.00000000E+00  0.00000000E+00
  2.17042524E+01  0.00000000E+00  0.00000000E+00  0.00000000E+00  0.00000000E+00
  2.39723338E+01  0.00000000E+00  0.00000000E+00  0.00000000E+00  0.00000000E+00
  2.64672235E+01  0.00000000E+00  0.00000000E+00  0.00000000E+00  0.00000000E+00
  2.92116021E+01  0.00000000E+00  0.00000000E+00  0.00000000E+00  0.00000000E+00
  3.22304185E+01  0.00000000E+00  0.00000000E+00  0.00000000E+00  0.00000000E+00
  3.55511166E+01  0.00000000E+00  0.00000000E+00  0.00000000E+00  0.00000000E+00
  3.92038846E+01  0.00000000E+00  0.00000000E+00  0.00000000E+00  0.00000000E+00
  4.32219293E+01  0.00000000E+00  0.00000000E+00  0.00000000E+00  0.00000000E+00
  4.76417784E+01  0.00000000E+00  0.00000000E+00  0.00000000E+00  0.00000000E+00
  5.25036125E+01  0.00000000E+00  0.00000000E+00  0.00000000E+00  0.00000000E+00
  5.78516300E+01  0.00000000E+00  0.00000000E+00  0.00000000E+00  0.00000000E+00
  6.37344493E+01  0.00000000E+00  0.00000000E+00  0.00000000E+00  0.00000000E+00
  7.02055505E+01  0.00000000E+00  0.00000000E+00  0.00000000E+00  0.00000000E+00
  7.73237618E+01  0.00000000E+00  0.00000000E+00  0.00000000E+00  0.00000000E+00
  8.51537942E+01  0.00000000E+00  0.00000000E+00  0.00000000E+00  0.00000000E+00
  9.37668299E+01  0.00000000E+00  0.00000000E+00  0.00000000E+00  0.00000000E+00
  1.03241169E+02  0.00000000E+00  0.00000000E+00  0.00000000E+00  0.00000000E+00
  1.13662942E+02  0.00000000E+00  0.00000000E+00  0.00000000E+00  0.00000000E+00
  1.25126893E+02  0.00000000E+00  0.00000000E+00  0.00000000E+00  0.00000000E+00
  1.37737238E+02  0.00000000E+00  0.00000000E+00  0.00000000E+00  0.00000000E+00
  1.51608618E+02  0.00000000E+00  0.00000000E+00  0.00000000E+00  0.00000000E+00
  1.66867136E+02  0.00000000E+00  0.00000000E+00  0.00000000E+00  0.00000000E+00
  1.83651506E+02  0.00000000E+00  0.00000000E+00  0.00000000E+00  0.00000000E+00
  2.02114313E+02  0.00000000E+00  0.00000000E+00  0.00000000E+00  0.00000000E+00
  2.22423401E+02  0.00000000E+00  0.00000000E+00  0.00000000E+00  0.00000000E+00
  2.44763397E+02  0.00000000E+00  0.00000000E+00  0.00000000E+00  0.00000000E+00
  2.69337393E+02  0.00000000E+00  0.00000000E+00  0.00000000E+00  0.00000000E+00
  2.93911389E+02  0.00000000E+00  0.00000000E+00  0.00000000E+00  0.00000000E+00
  3.18485385E+02  0.00000000E+00  0.00000000E+00  0.00000000E+00  0.00000000E+00
  3.43059381E+02  0.00000000E+00  0.00000000E+00  0.00000000E+00  0.00000000E+00
  3.67633377E+02  0.00000000E+00  0.00000000E+00  0.00000000E+00  0.00000000E+00
  3.92207373E+02  0.00000000E+00  0.00000000E+00  0.00000000E+00  0.00000000E+00
  4.16781369E+02  0.00000000E+00  0.00000000E+00  0.00000000E+00  0.00000000E+00
  4.41355365E+02  0.00000000E+00  0.00000000E+00  0.00000000E+00  0.00000000E+00
  4.65929361E+02  0.00000000E+00  0.00000000E+00  0.00000000E+00  0.00000000E+00
  4.90503357E+02  0.00000000E+00  0.00000000E+00  0.00000000E+00  0.00000000E+00
  5.15077353E+02  0.00000000E+00  0.00000000E+00  0.00000000E+00  0.00000000E+00
  5.39651349E+02  0.00000000E+00  0.00000000E+00  0.00000000E+00  0.00000000E+00
  5.64225345E+02  0.00000000E+00  0.00000000E+00  0.00000000E+00  0.00000000E+00
  5.88799341E+02  0.00000000E+00  0.00000000E+00  0.00000000E+00  0.00000000E+00
  6.13373336E+02  0.00000000E+00  0.00000000E+00  0.00000000E+00  0.00000000E+00
  6.37947332E+02  0.00000000E+00  0.00000000E+00  0.00000000E+00  0.00000000E+00
  6.62521328E+02  0.00000000E+00  0.00000000E+00  0.00000000E+00  0.00000000E+00
  6.87095324E+02  0.00000000E+00  0.00000000E+00  0.00000000E+00  0.00000000E+00
  7.14126720E+02  0.00000000E+00  0.00000000E+00  0.00000000E+00  0.00000000E+00
  7.41158115E+02  0.00000000E+00  0.00000000E+00  0.00000000E+00  0.00000000E+00
  7.68189511E+02  0.00000000E+00  0.00000000E+00  0.00000000E+00  0.00000000E+00
  7.95220907E+02  0.00000000E+00  0.00000000E+00  0.00000000E+00  0.00000000E+00
  8.22252302E+02  0.00000000E+00  0.00000000E+00  0.00000000E+00  0.00000000E+00
  8.51986837E+02  0.00000000E+00  0.00000000E+00  0.00000000E+00  0.00000000E+00
  8.81721372E+02  0.00000000E+00  0.00000000E+00  0.00000000E+00  0.00000000E+00
  9.11455907E+02  0.00000000E+00  0.00000000E+00  0.00000000E+00  0.00000000E+00
  9.41190443E+02  0.00000000E+00  0.00000000E+00  0.00000000E+00  0.00000000E+00
  9.70924978E+02  0.00000000E+00  0.00000000E+00  0.00000000E+00  0.00000000E+00
  1.00363297E+03  0.00000000E+00  0.00000000E+00  0.00000000E+00  0.00000000E+00
  1.03634095E+03  0.00000000E+00  0.00000000E+00  0.00000000E+00  0.00000000E+00
  1.06904894E+03  0.00000000E+00  0.00000000E+00  0.00000000E+00  0.00000000E+00
  1.10175693E+03  0.00000000E+00  0.00000000E+00  0.00000000E+00  0.00000000E+00
  1.13446492E+03  0.00000000E+00  0.00000000E+00  0.00000000E+00  0.00000000E+00
  1.17044371E+03  0.00000000E+00  0.00000000E+00  0.00000000E+00  0.00000000E+00
  1.20642250E+03  0.00000000E+00  0.00000000E+00  0.00000000E+00  0.00000000E+00
  1.24240128E+03  0.00000000E+00  0.00000000E+00  0.00000000E+00  0.00000000E+00
  1.27838007E+03  0.00000000E+00  0.00000000E+00  0.00000000E+00  0.00000000E+00
  1.31435886E+03  0.00000000E+00  0.00000000E+00  0.00000000E+00  0.00000000E+00
  1.35033765E+03  0.00000000E+00  0.00000000E+00  0.00000000E+00  0.00000000E+00
  1.38991431E+03  0.00000000E+00  0.00000000E+00  0.00000000E+00  0.00000000E+00
  1.42949098E+03  0.00000000E+00  0.00000000E+00  0.00000000E+00  0.00000000E+00
  1.46906764E+03  0.00000000E+00  0.00000000E+00  0.00000000E+00  0.00000000E+00
  1.50864431E+03  0.00000000E+00  0.00000000E+00  0.00000000E+00  0.00000000E+00
  1.54822098E+03  0.00000000E+00  0.00000000E+00  0.00000000E+00  0.00000000E+00
