     IOPT   (1 PICARD, 2 NEWTON)             =      1
     NLRELX (0 NORELX,1 CONS RELX,2 VAR RELX)=      0
     KSLOPE (0 ANA, 1 KSL/ANA, 2 KSL/C-DIFF,
             3 LOC KSL/ANA, 4 LOC TAN-SLOPE) =      0
     TOLUNS (TOLERANCE FOR NONLINEAR ITER)   =     1.00000E-04
     TOLSWI (TOLERANCE FOR BC SWITCHING)     =     1.00000E+30
     L2NORM (0 INFINITY NORM, ELSE L2 NORM)  =      0

 nlinr  linr converg error norms  node   PNEW at   POLD at   resid error norms
  iter  iter       PL2      PINF IKMAX     IKMAX     IKMAX       FL2      FINF
 =============================================================================
                        (NSTEP:     1  DELTAT:   1.0000E+02  TIME:   1.0000E+02)
     1     1 1.479E+02 4.290E+00   704 -9.29E+00 -5.00E+00 4.052E-03 2.403E-04
     2     1 1.794E-01 4.418E-02  2083 -1.48E+01 -1.49E+01 5.187E-07 5.556E-08
     3     1 1.479E+02 4.290E+00   704 -9.29E+00 -5.00E+00 4.052E-03 2.403E-04
     4     1 1.799E-01 4.485E-02  2083 -1.48E+01 -1.49E+01 5.190E-07 5.571E-08
     5     1 1.479E+02 4.290E+00   704 -9.29E+00 -5.00E+00 4.052E-03 2.403E-04
     6     1 1.799E-01 4.485E-02  2083 -1.48E+01 -1.49E+01 5.190E-07 5.571E-08
     7     1 1.479E+02 4.290E+00   704 -9.29E+00 -5.00E+00 4.052E-03 2.403E-04
     8     1 1.799E-01 4.485E-02  2083 -1.48E+01 -1.49E+01 5.190E-07 5.571E-08
     9     1 1.479E+02 4.290E+00   704 -9.29E+00 -5.00E+00 4.052E-03 2.403E-04
    10     1 1.799E-01 4.485E-02  2083 -1.48E+01 -1.49E+01 5.190E-07 5.571E-08
                        (NSTEP:     1  DELTAT:   5.0000E+01  TIME:   5.0000E+01)
     1     1 1.509E+02 4.304E+00   704 -9.30E+00 -5.00E+00 8.175E-03 4.832E-04
     2     1 1.013E-01 3.029E-02  2083 -1.49E+01 -1.49E+01 5.458E-07 6.268E-08
     3     1 1.509E+02 4.304E+00   704 -9.30E+00 -5.00E+00 8.175E-03 4.832E-04
     4     1 1.014E-01 3.039E-02  2083 -1.49E+01 -1.49E+01 5.459E-07 6.273E-08
     5     1 1.509E+02 4.304E+00   704 -9.30E+00 -5.00E+00 8.175E-03 4.832E-04
     6     1 1.014E-01 3.039E-02  2083 -1.49E+01 -1.49E+01 5.459E-07 6.273E-08
     7     1 1.509E+02 4.304E+00   704 -9.30E+00 -5.00E+00 8.175E-03 4.832E-04
     8     1 1.014E-01 3.039E-02  2083 -1.49E+01 -1.49E+01 5.459E-07 6.273E-08
     9     1 1.509E+02 4.304E+00   704 -9.30E+00 -5.00E+00 8.175E-03 4.832E-04
    10     1 1.014E-01 3.039E-02  2083 -1.49E+01 -1.49E+01 5.459E-07 6.273E-08
                        (NSTEP:     1  DELTAT:   2.5000E+01  TIME:   2.5000E+01)
     1     1 1.524E+02 4.312E+00   704 -9.31E+00 -5.00E+00 1.642E-02 9.688E-04
     2     1 5.369E-02 1.724E-02  2083 -1.50E+01 -1.50E+01 5.595E-07 6.625E-08
     3     1 1.524E+02 4.312E+00   704 -9.31E+00 -5.00E+00 1.642E-02 9.688E-04
     4     1 5.371E-02 1.726E-02  2083 -1.50E+01 -1.50E+01 5.596E-07 6.626E-08
     5     1 1.524E+02 4.312E+00   704 -9.31E+00 -5.00E+00 1.642E-02 9.688E-04
     6     1 5.371E-02 1.726E-02  2083 -1.50E+01 -1.50E+01 5.596E-07 6.626E-08
     7     1 1.524E+02 4.312E+00   704 -9.31E+00 -5.00E+00 1.642E-02 9.688E-04
     8     1 5.371E-02 1.726E-02  2083 -1.50E+01 -1.50E+01 5.596E-07 6.626E-08
     9     1 1.524E+02 4.312E+00   704 -9.31E+00 -5.00E+00 1.642E-02 9.688E-04
    10     1 5.371E-02 1.726E-02  2083 -1.50E+01 -1.50E+01 5.596E-07 6.626E-08
                        (NSTEP:     1  DELTAT:   1.2500E+01  TIME:   1.2500E+01)
     1     1 1.532E+02 4.315E+00   704 -9.32E+00 -5.00E+00 3.291E-02 1.940E-03
     2     1 2.762E-02 9.151E-03  2083 -1.50E+01 -1.50E+01 5.665E-07 6.803E-08
     3     1 1.532E+02 4.315E+00   704 -9.32E+00 -5.00E+00 3.291E-02 1.940E-03
     4     1 2.762E-02 9.154E-03  2083 -1.50E+01 -1.50E+01 5.665E-07 6.803E-08
     5     1 1.532E+02 4.315E+00   704 -9.32E+00 -5.00E+00 3.291E-02 1.940E-03
     6     1 2.762E-02 9.154E-03  2083 -1.50E+01 -1.50E+01 5.665E-07 6.803E-08
     7     1 1.532E+02 4.315E+00   704 -9.32E+00 -5.00E+00 3.291E-02 1.940E-03
     8     1 2.762E-02 9.154E-03  2083 -1.50E+01 -1.50E+01 5.665E-07 6.803E-08
     9     1 1.532E+02 4.315E+00   704 -9.32E+00 -5.00E+00 3.291E-02 1.940E-03
    10     1 2.762E-02 9.154E-03  2083 -1.50E+01 -1.50E+01 5.665E-07 6.803E-08
                        (NSTEP:     1  DELTAT:   6.2500E+00  TIME:   6.2500E+00)
     1     1 1.536E+02 4.317E+00   704 -9.32E+00 -5.00E+00 6.590E-02 3.883E-03
     2     1 1.401E-02 4.709E-03  2083 -1.50E+01 -1.50E+01 5.699E-07 6.892E-08
     3     1 1.536E+02 4.317E+00   704 -9.32E+00 -5.00E+00 6.590E-02 3.883E-03
     4     1 1.401E-02 4.710E-03  2083 -1.50E+01 -1.50E+01 5.699E-07 6.892E-08
     5     1 1.536E+02 4.317E+00   704 -9.32E+00 -5.00E+00 6.590E-02 3.883E-03
     6     1 1.401E-02 4.710E-03  2083 -1.50E+01 -1.50E+01 5.699E-07 6.892E-08
     7     1 1.536E+02 4.317E+00   704 -9.32E+00 -5.00E+00 6.590E-02 3.883E-03
     8     1 1.401E-02 4.710E-03  2083 -1.50E+01 -1.50E+01 5.699E-07 6.892E-08
     9     1 1.536E+02 4.317E+00   704 -9.32E+00 -5.00E+00 6.590E-02 3.883E-03
    10     1 1.401E-02 4.710E-03  2083 -1.50E+01 -1.50E+01 5.699E-07 6.892E-08
                        (NSTEP:     1  DELTAT:   3.1250E+00  TIME:   3.1250E+00)
     1     1 1.538E+02 4.318E+00   704 -9.32E+00 -5.00E+00 1.319E-01 7.768E-03
     2     1 7.052E-03 2.388E-03  2083 -1.50E+01 -1.50E+01 5.717E-07 6.937E-08
     3     1 1.538E+02 4.318E+00   704 -9.32E+00 -5.00E+00 1.319E-01 7.768E-03
     4     1 7.052E-03 2.388E-03  2083 -1.50E+01 -1.50E+01 5.717E-07 6.937E-08
     5     1 1.538E+02 4.318E+00   704 -9.32E+00 -5.00E+00 1.319E-01 7.768E-03
     6     1 7.052E-03 2.388E-03  2083 -1.50E+01 -1.50E+01 5.717E-07 6.937E-08
     7     1 1.538E+02 4.318E+00   704 -9.32E+00 -5.00E+00 1.319E-01 7.768E-03
     8     1 7.052E-03 2.388E-03  2083 -1.50E+01 -1.50E+01 5.717E-07 6.937E-08
     9     1 1.538E+02 4.318E+00   704 -9.32E+00 -5.00E+00 1.319E-01 7.768E-03
    10     1 7.052E-03 2.388E-03  2083 -1.50E+01 -1.50E+01 5.717E-07 6.937E-08
                        (NSTEP:     1  DELTAT:   1.5625E+00  TIME:   1.5625E+00)
     1     1 1.539E+02 4.318E+00   704 -9.32E+00 -5.00E+00 2.638E-01 1.554E-02
     2     1 3.538E-03 1.202E-03  2083 -1.50E+01 -1.50E+01 5.726E-07 6.959E-08
     3     1 1.539E+02 4.318E+00   704 -9.32E+00 -5.00E+00 2.638E-01 1.554E-02
     4     1 3.538E-03 1.202E-03  2083 -1.50E+01 -1.50E+01 5.726E-07 6.959E-08
     5     1 1.539E+02 4.318E+00   704 -9.32E+00 -5.00E+00 2.638E-01 1.554E-02
     6     1 3.538E-03 1.202E-03  2083 -1.50E+01 -1.50E+01 5.726E-07 6.959E-08
     7     1 1.539E+02 4.318E+00   704 -9.32E+00 -5.00E+00 2.638E-01 1.554E-02
     8     1 3.538E-03 1.202E-03  2083 -1.50E+01 -1.50E+01 5.726E-07 6.959E-08
     9     1 1.539E+02 4.318E+00   704 -9.32E+00 -5.00E+00 2.638E-01 1.554E-02
    10     1 3.538E-03 1.202E-03  2083 -1.50E+01 -1.50E+01 5.726E-07 6.959E-08
                        (NSTEP:     1  DELTAT:   7.8125E-01  TIME:   7.8125E-01)
     1     1 1.539E+02 4.319E+00   704 -9.32E+00 -5.00E+00 5.277E-01 3.108E-02
     2     1 1.772E-03 6.032E-04  2083 -1.50E+01 -1.50E+01 5.730E-07 6.970E-08
     3     1 1.539E+02 4.319E+00   704 -9.32E+00 -5.00E+00 5.277E-01 3.108E-02
     4     1 1.772E-03 6.032E-04  2083 -1.50E+01 -1.50E+01 5.730E-07 6.970E-08
     5     1 1.539E+02 4.319E+00   704 -9.32E+00 -5.00E+00 5.277E-01 3.108E-02
     6     1 1.772E-03 6.032E-04  2083 -1.50E+01 -1.50E+01 5.730E-07 6.970E-08
     7     1 1.539E+02 4.319E+00   704 -9.32E+00 -5.00E+00 5.277E-01 3.108E-02
     8     1 1.772E-03 6.032E-04  2083 -1.50E+01 -1.50E+01 5.730E-07 6.970E-08
     9     1 1.539E+02 4.319E+00   704 -9.32E+00 -5.00E+00 5.277E-01 3.108E-02
    10     1 1.772E-03 6.032E-04  2083 -1.50E+01 -1.50E+01 5.730E-07 6.970E-08
                        (NSTEP:     1  DELTAT:   3.9062E-01  TIME:   3.9062E-01)
     1     1 1.540E+02 4.319E+00   704 -9.32E+00 -5.00E+00 1.055E+00 6.216E-02
     2     1 8.868E-04 3.021E-04  2083 -1.50E+01 -1.50E+01 5.732E-07 6.976E-08
     3     1 1.540E+02 4.319E+00   704 -9.32E+00 -5.00E+00 1.055E+00 6.216E-02
     4     1 8.868E-04 3.021E-04  2083 -1.50E+01 -1.50E+01 5.732E-07 6.976E-08
     5     1 1.540E+02 4.319E+00   704 -9.32E+00 -5.00E+00 1.055E+00 6.216E-02
     6     1 8.868E-04 3.021E-04  2083 -1.50E+01 -1.50E+01 5.732E-07 6.976E-08
     7     1 1.540E+02 4.319E+00   704 -9.32E+00 -5.00E+00 1.055E+00 6.216E-02
     8     1 8.868E-04 3.021E-04  2083 -1.50E+01 -1.50E+01 5.732E-07 6.976E-08
     9     1 1.540E+02 4.319E+00   704 -9.32E+00 -5.00E+00 1.055E+00 6.216E-02
    10     1 8.868E-04 3.021E-04  2083 -1.50E+01 -1.50E+01 5.732E-07 6.976E-08
                        (NSTEP:     1  DELTAT:   1.9531E-01  TIME:   1.9531E-01)
     1     1 1.540E+02 4.319E+00   644 -9.32E+00 -5.00E+00 2.111E+00 1.243E-01
     2     1 4.436E-04 1.512E-04  2083 -1.50E+01 -1.50E+01 5.733E-07 6.978E-08
     3     1 1.540E+02 4.319E+00   644 -9.32E+00 -5.00E+00 2.111E+00 1.243E-01
     4     1 4.436E-04 1.512E-04  2083 -1.50E+01 -1.50E+01 5.733E-07 6.978E-08
     5     1 1.540E+02 4.319E+00   644 -9.32E+00 -5.00E+00 2.111E+00 1.243E-01
     6     1 4.436E-04 1.512E-04  2083 -1.50E+01 -1.50E+01 5.733E-07 6.978E-08
     7     1 1.540E+02 4.319E+00   644 -9.32E+00 -5.00E+00 2.111E+00 1.243E-01
     8     1 4.436E-04 1.512E-04  2083 -1.50E+01 -1.50E+01 5.733E-07 6.978E-08
     9     1 1.540E+02 4.319E+00   644 -9.32E+00 -5.00E+00 2.111E+00 1.243E-01
    10     1 4.436E-04 1.512E-04  2083 -1.50E+01 -1.50E+01 5.733E-07 6.978E-08
                        (NSTEP:     1  DELTAT:   9.7656E-02  TIME:   9.7656E-02)
     1     1 1.540E+02 4.319E+00     1 -9.32E+00 -5.00E+00 4.222E+00 2.487E-01
     2     1 2.219E-04 7.563E-05  2083 -1.50E+01 -1.50E+01 5.734E-07 6.980E-08
                        (NSTEP:     2  DELTAT:   1.0742E-01  TIME:   2.0508E-01)
     1     1 9.032E-03 1.811E-03   812 -5.00E+00 -5.00E+00 8.310E-05 2.492E-06
     2     1 1.224E-06 6.417E-07   812 -5.00E+00 -5.00E+00 3.115E-09 3.940E-10
                        (NSTEP:     3  DELTAT:   1.1816E-01  TIME:   3.2324E-01)
     1     1 9.934E-03 1.991E-03   812 -5.00E+00 -5.00E+00 8.310E-05 2.492E-06
     2     1 1.480E-06 7.759E-07   812 -5.00E+00 -5.00E+00 3.427E-09 4.334E-10
                        (NSTEP:     4  DELTAT:   1.2998E-01  TIME:   4.5322E-01)
     1     1 1.092E-02 2.189E-03   812 -4.99E+00 -5.00E+00 8.310E-05 2.492E-06
     2     1 1.790E-06 9.383E-07   812 -4.99E+00 -4.99E+00 3.769E-09 4.767E-10
                        (NSTEP:     5  DELTAT:   1.4298E-01  TIME:   5.9620E-01)
     1     1 1.201E-02 2.406E-03   812 -4.99E+00 -4.99E+00 8.310E-05 2.492E-06
     2     1 2.165E-06 1.134E-06   812 -4.99E+00 -4.99E+00 4.146E-09 5.244E-10
                        (NSTEP:     6  DELTAT:   1.5728E-01  TIME:   7.5348E-01)
     1     1 1.321E-02 2.644E-03   812 -4.99E+00 -4.99E+00 8.310E-05 2.492E-06
     2     1 2.618E-06 1.372E-06   812 -4.99E+00 -4.99E+00 4.561E-09 5.768E-10
                        (NSTEP:     7  DELTAT:   1.7300E-01  TIME:   9.2648E-01)
     1     1 1.453E-02 2.906E-03   812 -4.99E+00 -4.99E+00 8.310E-05 2.492E-06
     2     1 3.167E-06 1.658E-06   812 -4.99E+00 -4.99E+00 5.017E-09 6.345E-10
                        (NSTEP:     8  DELTAT:   1.9030E-01  TIME:   1.1168E+00)
     1     1 1.598E-02 3.193E-03   812 -4.98E+00 -4.99E+00 8.310E-05 2.492E-06
     2     1 3.829E-06 2.004E-06   812 -4.98E+00 -4.98E+00 5.518E-09 6.979E-10
                        (NSTEP:     9  DELTAT:   2.0933E-01  TIME:   1.3261E+00)
     1     1 1.757E-02 3.508E-03   812 -4.98E+00 -4.98E+00 8.310E-05 2.492E-06
     2     1 4.631E-06 2.423E-06   812 -4.98E+00 -4.98E+00 6.070E-09 7.677E-10
                        (NSTEP:    10  DELTAT:   2.3027E-01  TIME:   1.5564E+00)
     1     1 1.932E-02 3.854E-03   812 -4.98E+00 -4.98E+00 8.309E-05 2.492E-06
     2     1 5.599E-06 2.928E-06   812 -4.98E+00 -4.98E+00 6.677E-09 8.445E-10
                        (NSTEP:    11  DELTAT:   2.5330E-01  TIME:   1.8097E+00)
     1     1 2.124E-02 4.234E-03   812 -4.97E+00 -4.98E+00 8.309E-05 2.492E-06
     2     1 6.770E-06 3.538E-06   812 -4.97E+00 -4.97E+00 7.345E-09 9.290E-10
                        (NSTEP:    12  DELTAT:   2.7862E-01  TIME:   2.0883E+00)
     1     1 2.336E-02 4.650E-03   812 -4.97E+00 -4.97E+00 8.309E-05 2.492E-06
     2     1 8.185E-06 4.275E-06   812 -4.97E+00 -4.97E+00 8.079E-09 1.022E-09
                        (NSTEP:    13  DELTAT:   3.0649E-01  TIME:   2.3948E+00)
     1     1 2.568E-02 5.107E-03   812 -4.96E+00 -4.97E+00 8.309E-05 2.492E-06
     2     1 9.894E-06 5.165E-06   812 -4.96E+00 -4.96E+00 8.887E-09 1.124E-09
                        (NSTEP:    14  DELTAT:   3.3714E-01  TIME:   2.7319E+00)
     1     1 2.823E-02 5.607E-03   812 -4.96E+00 -4.96E+00 8.309E-05 2.492E-06
     2     1 1.196E-05 6.239E-06   812 -4.96E+00 -4.96E+00 9.776E-09 1.236E-09
                        (NSTEP:    15  DELTAT:   3.7085E-01  TIME:   3.1028E+00)
     1     1 3.104E-02 6.156E-03   812 -4.95E+00 -4.96E+00 8.309E-05 2.492E-06
     2     1 1.446E-05 7.534E-06   812 -4.95E+00 -4.95E+00 1.075E-08 1.360E-09
                        (NSTEP:    16  DELTAT:   4.0793E-01  TIME:   3.5107E+00)
     1     1 3.412E-02 6.757E-03   812 -4.94E+00 -4.95E+00 8.309E-05 2.492E-06
     2     1 1.747E-05 9.098E-06   812 -4.94E+00 -4.94E+00 1.183E-08 1.496E-09
                        (NSTEP:    17  DELTAT:   4.4873E-01  TIME:   3.9594E+00)
     1     1 3.751E-02 7.414E-03   812 -4.94E+00 -4.94E+00 8.309E-05 2.492E-06
     2     1 2.111E-05 1.098E-05   812 -4.94E+00 -4.94E+00 1.301E-08 1.646E-09
                        (NSTEP:    18  DELTAT:   4.9360E-01  TIME:   4.4530E+00)
     1     1 4.122E-02 8.134E-03   812 -4.93E+00 -4.94E+00 8.309E-05 2.492E-06
     2     1 2.550E-05 1.326E-05   812 -4.93E+00 -4.93E+00 1.431E-08 1.810E-09
                        (NSTEP:    19  DELTAT:   5.4296E-01  TIME:   4.9960E+00)
     1     1 4.531E-02 8.922E-03   812 -4.92E+00 -4.93E+00 8.309E-05 2.492E-06
     2     1 3.081E-05 1.600E-05   812 -4.92E+00 -4.92E+00 1.574E-08 1.991E-09
                        (NSTEP:    20  DELTAT:   5.9726E-01  TIME:   5.5933E+00)
     1     1 4.979E-02 9.782E-03   812 -4.91E+00 -4.92E+00 8.309E-05 2.492E-06
     2     1 3.722E-05 1.930E-05   812 -4.91E+00 -4.91E+00 1.732E-08 2.190E-09
                        (NSTEP:    21  DELTAT:   6.5698E-01  TIME:   6.2502E+00)
     1     1 5.471E-02 1.072E-02   812 -4.90E+00 -4.91E+00 8.309E-05 2.492E-06
     2     1 4.494E-05 2.327E-05   812 -4.90E+00 -4.90E+00 1.905E-08 2.409E-09
                        (NSTEP:    22  DELTAT:   7.2268E-01  TIME:   6.9729E+00)
     1     1 6.012E-02 1.175E-02   812 -4.89E+00 -4.90E+00 8.309E-05 2.492E-06
     2     1 5.427E-05 2.805E-05   812 -4.89E+00 -4.89E+00 2.095E-08 2.650E-09
                        (NSTEP:    23  DELTAT:   7.9495E-01  TIME:   7.7679E+00)
     1     1 6.605E-02 1.287E-02   812 -4.87E+00 -4.89E+00 8.308E-05 2.492E-06
     2     1 6.551E-05 3.381E-05   812 -4.87E+00 -4.87E+00 2.305E-08 2.915E-09
                        (NSTEP:    24  DELTAT:   8.7444E-01  TIME:   8.6423E+00)
     1     1 7.255E-02 1.409E-02   812 -4.86E+00 -4.87E+00 8.308E-05 2.492E-06
     2     1 7.907E-05 4.073E-05   812 -4.86E+00 -4.86E+00 2.535E-08 3.207E-09
                        (NSTEP:    25  DELTAT:   9.6189E-01  TIME:   9.6042E+00)
     1     1 7.969E-02 1.542E-02   812 -4.84E+00 -4.86E+00 8.308E-05 2.492E-06
     2     1 9.541E-05 4.905E-05   812 -4.84E+00 -4.84E+00 2.788E-08 3.527E-09
                        (NSTEP:    26  DELTAT:   1.0581E+00  TIME:   1.0662E+01)
     1     1 8.751E-02 1.686E-02   812 -4.83E+00 -4.84E+00 8.308E-05 2.492E-06
     2     1 1.151E-04 5.904E-05   812 -4.83E+00 -4.83E+00 3.067E-08 3.880E-09
                        (NSTEP:    27  DELTAT:   1.1639E+00  TIME:   1.1826E+01)
     1     1 9.609E-02 1.844E-02   812 -4.81E+00 -4.83E+00 8.308E-05 2.492E-06
     2     1 1.388E-04 7.102E-05   812 -4.81E+00 -4.81E+00 3.374E-08 4.268E-09
                        (NSTEP:    28  DELTAT:   1.2803E+00  TIME:   1.3106E+01)
     1     1 1.055E-01 2.014E-02   812 -4.79E+00 -4.81E+00 8.308E-05 2.492E-06
     2     1 1.673E-04 8.539E-05   812 -4.79E+00 -4.79E+00 3.711E-08 4.695E-09
                        (NSTEP:    29  DELTAT:   1.4083E+00  TIME:   1.4515E+01)
     1     1 1.158E-01 2.199E-02   812 -4.77E+00 -4.79E+00 8.307E-05 2.492E-06
     2     1 2.017E-04 1.026E-04   812 -4.77E+00 -4.77E+00 4.082E-08 5.164E-09
     3     1 2.036E-07 1.122E-07  2083 -1.50E+01 -1.50E+01 1.265E-11 3.651E-12
                        (NSTEP:    30  DELTAT:   1.5491E+00  TIME:   1.6064E+01)
     1     1 1.271E-01 2.399E-02   812 -4.74E+00 -4.77E+00 8.307E-05 2.492E-06
     2     1 2.430E-04 1.232E-04   812 -4.74E+00 -4.74E+00 4.490E-08 5.681E-09
     3     1 2.732E-07 1.512E-07  2083 -1.50E+01 -1.50E+01 1.543E-11 4.478E-12
                        (NSTEP:    31  DELTAT:   1.7040E+00  TIME:   1.7768E+01)
     1     1 1.394E-01 2.615E-02   812 -4.72E+00 -4.74E+00 8.307E-05 2.492E-06
     2     1 2.927E-04 1.479E-04   812 -4.72E+00 -4.72E+00 4.938E-08 6.249E-09
     3     1 3.670E-07 2.042E-07  2083 -1.50E+01 -1.50E+01 1.883E-11 5.499E-12
                        (NSTEP:    32  DELTAT:   1.8744E+00  TIME:   1.9642E+01)
     1     1 1.529E-01 2.848E-02   812 -4.69E+00 -4.72E+00 8.306E-05 2.492E-06
     2     1 3.524E-04 1.773E-04   812 -4.69E+00 -4.69E+00 5.432E-08 6.874E-09
     3     1 4.934E-07 2.761E-07  2083 -1.50E+01 -1.50E+01 2.301E-11 6.762E-12
                        (NSTEP:    33  DELTAT:   2.0619E+00  TIME:   2.1704E+01)
     1     1 1.677E-01 3.098E-02   812 -4.66E+00 -4.69E+00 8.306E-05 2.492E-06
     2     1 4.241E-04 2.124E-04   812 -4.66E+00 -4.66E+00 5.975E-08 7.561E-09
     3     1 6.641E-07 3.738E-07  2083 -1.50E+01 -1.50E+01 2.813E-11 8.327E-12
                        (NSTEP:    34  DELTAT:   2.2681E+00  TIME:   2.3972E+01)
     1     1 1.838E-01 3.368E-02   812 -4.62E+00 -4.66E+00 8.306E-05 2.492E-06
     2     1 5.102E-04 2.543E-04   812 -4.62E+00 -4.62E+00 6.572E-08 8.318E-09
     3     1 8.948E-07 5.070E-07  2083 -1.50E+01 -1.50E+01 3.444E-11 1.027E-11
                        (NSTEP:    35  DELTAT:   2.4949E+00  TIME:   2.6467E+01)
     1     1 2.014E-01 3.656E-02   812 -4.59E+00 -4.62E+00 8.305E-05 2.492E-06
     2     1 6.134E-04 3.041E-04   812 -4.59E+00 -4.59E+00 7.229E-08 9.150E-09
     3     1 1.207E-06 6.887E-07  2083 -1.49E+01 -1.49E+01 4.220E-11 1.269E-11
                        (NSTEP:    36  DELTAT:   2.7444E+00  TIME:   2.9212E+01)
     1     1 2.207E-01 3.963E-02   812 -4.55E+00 -4.59E+00 8.305E-05 2.492E-06
     2     1 7.372E-04 3.633E-04   812 -4.55E+00 -4.55E+00 7.951E-08 1.007E-08
     3     1 1.631E-06 9.374E-07  2083 -1.49E+01 -1.49E+01 5.179E-11 1.572E-11
                        (NSTEP:    37  DELTAT:   3.0188E+00  TIME:   3.2230E+01)
     1     1 2.417E-01 4.290E-02   812 -4.51E+00 -4.55E+00 8.304E-05 2.492E-06
     2     1 8.855E-04 4.335E-04   812 -4.51E+00 -4.51E+00 8.746E-08 1.107E-08
     3     1 2.207E-06 1.278E-06  2083 -1.49E+01 -1.49E+01 6.364E-11 1.950E-11
                        (NSTEP:    38  DELTAT:   3.3207E+00  TIME:   3.5551E+01)
     1     1 2.645E-01 4.637E-02   812 -4.46E+00 -4.51E+00 8.304E-05 2.492E-06
     2     1 1.063E-03 5.166E-04   812 -4.46E+00 -4.46E+00 9.620E-08 1.218E-08
     3     1 2.990E-06 1.747E-06  2083 -1.49E+01 -1.49E+01 7.832E-11 2.426E-11
                        (NSTEP:    39  DELTAT:   3.6528E+00  TIME:   3.9204E+01)
     1     1 2.894E-01 5.004E-02   812 -4.41E+00 -4.46E+00 8.303E-05 2.492E-06
     2     1 1.276E-03 6.149E-04   812 -4.41E+00 -4.41E+00 1.058E-07 1.340E-08
     3     1 4.060E-06 2.394E-06  2083 -1.49E+01 -1.49E+01 9.656E-11 3.024E-11
                        (NSTEP:    40  DELTAT:   4.0180E+00  TIME:   4.3222E+01)
     1     1 3.165E-01 5.389E-02   812 -4.36E+00 -4.41E+00 8.302E-05 2.492E-06
     2     1 1.530E-03 7.309E-04   812 -4.36E+00 -4.36E+00 1.164E-07 1.475E-08
     3     1 5.523E-06 3.288E-06  2083 -1.49E+01 -1.49E+01 1.193E-10 3.781E-11
                        (NSTEP:    41  DELTAT:   4.4198E+00  TIME:   4.7642E+01)
     1     1 3.460E-01 5.792E-02   812 -4.30E+00 -4.36E+00 8.301E-05 2.492E-06
     2     1 1.834E-03 8.675E-04   812 -4.30E+00 -4.30E+00 1.280E-07 1.622E-08
     3     1 7.529E-06 4.527E-06  2083 -1.49E+01 -1.49E+01 1.476E-10 4.739E-11
                        (NSTEP:    42  DELTAT:   4.8618E+00  TIME:   5.2504E+01)
     1     1 3.780E-01 6.212E-02   812 -4.24E+00 -4.30E+00 8.300E-05 2.492E-06
     2     1 2.198E-03 1.028E-03   812 -4.24E+00 -4.24E+00 1.409E-07 1.785E-08
     3     1 1.029E-05 6.252E-06  2083 -1.49E+01 -1.49E+01 1.831E-10 5.960E-11
                        (NSTEP:    43  DELTAT:   5.3480E+00  TIME:   5.7852E+01)
     1     1 4.127E-01 6.645E-02   812 -4.17E+00 -4.24E+00 8.299E-05 2.492E-06
     2     1 2.633E-03 1.216E-03   812 -4.17E+00 -4.17E+00 1.549E-07 1.965E-08
     3     1 1.409E-05 8.660E-06  2083 -1.49E+01 -1.49E+01 2.277E-10 7.518E-11
                        (NSTEP:    44  DELTAT:   5.8828E+00  TIME:   6.3734E+01)
     1     1 4.503E-01 7.089E-02   812 -4.10E+00 -4.17E+00 8.298E-05 2.492E-06
     2     1 3.152E-03 1.436E-03   812 -4.11E+00 -4.10E+00 1.705E-07 2.162E-08
     3     1 1.935E-05 1.203E-05  2083 -1.48E+01 -1.48E+01 2.839E-10 9.517E-11
                        (NSTEP:    45  DELTAT:   6.4711E+00  TIME:   7.0206E+01)
     1     1 4.910E-01 7.540E-02   812 -4.03E+00 -4.11E+00 8.297E-05 2.492E-06
     2     1 3.773E-03 1.693E-03   812 -4.03E+00 -4.03E+00 1.875E-07 2.380E-08
     3     1 2.666E-05 1.678E-05  2083 -1.48E+01 -1.48E+01 3.550E-10 1.209E-10
                        (NSTEP:    46  DELTAT:   7.1182E+00  TIME:   7.7324E+01)
     1     1 5.350E-01 7.993E-02   812 -3.95E+00 -4.03E+00 8.296E-05 2.492E-06
     2     1 4.516E-03 1.992E-03   812 -3.95E+00 -3.95E+00 2.063E-07 2.620E-08
     3     1 3.683E-05 2.347E-05  2083 -1.48E+01 -1.48E+01 4.453E-10 1.542E-10
                        (NSTEP:    47  DELTAT:   7.8300E+00  TIME:   8.5154E+01)
     1     1 5.825E-01 8.443E-02   812 -3.87E+00 -3.95E+00 8.294E-05 2.492E-06
     2     1 5.404E-03 2.340E-03   812 -3.87E+00 -3.87E+00 2.270E-07 2.885E-08
     3     1 5.106E-05 3.294E-05  2083 -1.48E+01 -1.48E+01 5.605E-10 1.974E-10
                        (NSTEP:    48  DELTAT:   8.6130E+00  TIME:   9.3767E+01)
     1     1 6.337E-01 8.884E-02   812 -3.78E+00 -3.87E+00 8.293E-05 2.492E-06
     2     1 6.469E-03 2.741E-03   812 -3.79E+00 -3.78E+00 2.498E-07 3.177E-08
     3     1 7.100E-05 4.641E-05  2083 -1.47E+01 -1.47E+01 7.081E-10 2.538E-10
                        (NSTEP:    49  DELTAT:   9.4743E+00  TIME:   1.0324E+02)
     1     1 6.888E-01 9.307E-02   812 -3.69E+00 -3.79E+00 8.291E-05 2.492E-06
     2     1 7.745E-03 3.205E-03   812 -3.70E+00 -3.69E+00 2.749E-07 3.499E-08
     3     1 9.908E-05 6.558E-05  2083 -1.47E+01 -1.47E+01 8.979E-10 3.275E-10
                        (NSTEP:    50  DELTAT:   1.0422E+01  TIME:   1.1366E+02)
     1     1 7.481E-01 9.703E-02   812 -3.60E+00 -3.70E+00 8.289E-05 2.492E-06
     2     1 9.278E-03 3.739E-03   812 -3.60E+00 -3.60E+00 3.026E-07 3.855E-08
     3     1 1.387E-04 9.298E-05  2083 -1.47E+01 -1.47E+01 1.143E-09 4.243E-10
                        (NSTEP:    51  DELTAT:   1.1464E+01  TIME:   1.2513E+02)
     1     1 8.117E-01 1.006E-01   812 -3.50E+00 -3.60E+00 8.286E-05 2.492E-06
     2     1 1.112E-02 4.352E-03   812 -3.51E+00 -3.50E+00 3.332E-07 4.249E-08
     3     1 1.948E-04 1.322E-04  2083 -1.46E+01 -1.46E+01 1.462E-09 5.519E-10
     4     1 2.552E-06 1.956E-06  2083 -1.46E+01 -1.46E+01 1.412E-11 8.179E-12
                        (NSTEP:    52  DELTAT:   1.2610E+01  TIME:   1.3774E+02)
     1     1 8.799E-01 1.038E-01   812 -3.40E+00 -3.51E+00 8.284E-05 2.492E-06
     2     1 1.335E-02 5.052E-03   812 -3.41E+00 -3.40E+00 3.669E-07 4.684E-08
     3     1 2.744E-04 1.883E-04  2083 -1.45E+01 -1.45E+01 1.876E-09 7.201E-10
     4     1 4.249E-06 3.294E-06  2083 -1.45E+01 -1.45E+01 2.163E-11 1.262E-11
                        (NSTEP:    53  DELTAT:   1.3871E+01  TIME:   1.5161E+02)
     1     1 9.529E-01 1.063E-01   812 -3.30E+00 -3.41E+00 8.281E-05 2.492E-06
     2     1 1.603E-02 5.848E-03   812 -3.31E+00 -3.30E+00 4.041E-07 5.166E-08
     3     1 3.874E-04 2.687E-04  2083 -1.45E+01 -1.45E+01 2.419E-09 9.423E-10
     4     1 7.114E-06 5.574E-06  2083 -1.45E+01 -1.45E+01 3.336E-11 1.959E-11
                        (NSTEP:    54  DELTAT:   1.5259E+01  TIME:   1.6687E+02)
     1     1 1.031E+00 1.082E-01   812 -3.20E+00 -3.31E+00 8.277E-05 2.492E-06
     2     1 1.927E-02 7.108E-03  2083 -1.44E+01 -1.44E+01 4.451E-07 5.701E-08
     3     1 5.478E-04 3.834E-04  2083 -1.44E+01 -1.44E+01 3.131E-09 1.235E-09
     4     1 1.196E-05 9.460E-06  2083 -1.44E+01 -1.44E+01 5.176E-11 3.057E-11
                        (NSTEP:    55  DELTAT:   1.6784E+01  TIME:   1.8365E+02)
     1     1 1.115E+00 1.105E-01   759 -3.21E+00 -3.32E+00 8.273E-05 2.492E-06
     2     1 2.318E-02 8.871E-03  2083 -1.43E+01 -1.43E+01 4.906E-07 6.293E-08
     3     1 7.749E-04 5.462E-04  2083 -1.43E+01 -1.43E+01 4.065E-09 1.621E-09
     4     1 2.014E-05 1.607E-05  2083 -1.43E+01 -1.43E+01 8.067E-11 4.782E-11
                        (NSTEP:    56  DELTAT:   1.8463E+01  TIME:   2.0211E+02)
     1     1 1.204E+00 1.145E-01  2083 -1.42E+01 -1.43E+01 8.269E-05 2.491E-06
     2     1 2.790E-02 1.099E-02  2083 -1.42E+01 -1.42E+01 5.409E-07 6.949E-08
     3     1 1.095E-03 7.756E-04  2083 -1.42E+01 -1.42E+01 5.294E-09 2.124E-09
     4     1 3.390E-05 2.722E-05  2083 -1.42E+01 -1.42E+01 1.260E-10 7.484E-11
                        (NSTEP:    57  DELTAT:   2.0309E+01  TIME:   2.2242E+02)
     1     1 1.299E+00 1.360E-01  2083 -1.40E+01 -1.42E+01 8.265E-05 2.491E-06
     2     1 3.356E-02 1.349E-02  2083 -1.40E+01 -1.40E+01 5.965E-07 7.678E-08
     3     1 1.543E-03 1.095E-03  2083 -1.40E+01 -1.40E+01 6.907E-09 2.776E-09
     4     1 5.686E-05 4.587E-05  2083 -1.40E+01 -1.40E+01 1.969E-10 1.168E-10
                        (NSTEP:    58  DELTAT:   2.2340E+01  TIME:   2.4476E+02)
     1     1 1.401E+00 1.612E-01  2083 -1.38E+01 -1.40E+01 8.259E-05 2.491E-06
     2     1 4.033E-02 1.634E-02  2083 -1.38E+01 -1.38E+01 6.582E-07 8.485E-08
     3     1 2.164E-03 1.532E-03  2083 -1.38E+01 -1.38E+01 9.017E-09 3.610E-09
     4     1 9.469E-05 7.653E-05  2083 -1.38E+01 -1.38E+01 3.066E-10 1.813E-10
                        (NSTEP:    59  DELTAT:   2.4574E+01  TIME:   2.6934E+02)
     1     1 1.511E+00 1.904E-01  2083 -1.36E+01 -1.38E+01 8.253E-05 2.491E-06
     2     1 4.834E-02 1.949E-02  2083 -1.36E+01 -1.36E+01 7.266E-07 9.378E-08
     3     1 3.011E-03 2.117E-03  2083 -1.36E+01 -1.36E+01 1.176E-08 4.656E-09
     4     1 1.559E-04 1.258E-04  2083 -1.36E+01 -1.36E+01 4.743E-10 2.784E-10
     5     1 8.448E-06 7.217E-06  2083 -1.36E+01 -1.36E+01 2.424E-11 1.588E-11
                        (NSTEP:    60  DELTAT:   2.4574E+01  TIME:   2.9391E+02)
     1     1 1.480E+00 2.034E-01  2083 -1.34E+01 -1.36E+01 8.246E-05 2.491E-06
     2     1 4.766E-02 1.881E-02  2083 -1.34E+01 -1.34E+01 7.277E-07 9.379E-08
     3     1 3.099E-03 2.154E-03  2083 -1.34E+01 -1.34E+01 1.255E-08 4.859E-09
     4     1 1.720E-04 1.382E-04  2083 -1.34E+01 -1.34E+01 5.403E-10 3.137E-10
     5     1 9.954E-06 8.491E-06  2083 -1.34E+01 -1.34E+01 2.945E-11 1.916E-11
                        (NSTEP:    61  DELTAT:   2.4574E+01  TIME:   3.1849E+02)
     1     1 1.452E+00 2.148E-01  2083 -1.32E+01 -1.34E+01 8.239E-05 2.491E-06
     2     1 4.687E-02 1.788E-02  2083 -1.32E+01 -1.32E+01 7.288E-07 9.373E-08
     3     1 3.155E-03 2.159E-03  2083 -1.32E+01 -1.32E+01 1.328E-08 5.004E-09
     4     1 1.857E-04 1.482E-04  2083 -1.32E+01 -1.32E+01 6.033E-10 3.454E-10
     5     1 1.137E-05 9.658E-06  2083 -1.32E+01 -1.32E+01 3.470E-11 2.239E-11
                        (NSTEP:    62  DELTAT:   2.4574E+01  TIME:   3.4306E+02)
     1     1 1.427E+00 2.244E-01  2083 -1.29E+01 -1.32E+01 8.232E-05 2.491E-06
     2     1 4.600E-02 1.676E-02  2083 -1.29E+01 -1.29E+01 7.300E-07 9.358E-08
     3     1 3.180E-03 2.135E-03  2083 -1.29E+01 -1.29E+01 1.396E-08 5.091E-09
     4     1 1.966E-04 1.555E-04  2083 -1.29E+01 -1.29E+01 6.617E-10 3.725E-10
     5     1 1.262E-05 1.066E-05  2083 -1.29E+01 -1.29E+01 3.977E-11 2.541E-11
                        (NSTEP:    63  DELTAT:   2.4574E+01  TIME:   3.6763E+02)
     1     1 1.405E+00 2.321E-01  2083 -1.27E+01 -1.29E+01 8.225E-05 2.491E-06
     2     1 4.507E-02 1.552E-02  2083 -1.27E+01 -1.27E+01 7.312E-07 9.332E-08
     3     1 3.177E-03 2.087E-03  2083 -1.27E+01 -1.27E+01 1.458E-08 5.125E-09
     4     1 2.047E-04 1.599E-04  2083 -1.27E+01 -1.27E+01 7.145E-10 3.945E-10
     5     1 1.366E-05 1.145E-05  2083 -1.27E+01 -1.27E+01 4.450E-11 2.811E-11
                        (NSTEP:    64  DELTAT:   2.4574E+01  TIME:   3.9221E+02)
     1     1 1.384E+00 2.379E-01  2083 -1.24E+01 -1.27E+01 8.218E-05 2.491E-06
     2     1 4.412E-02 1.423E-02  2083 -1.24E+01 -1.24E+01 7.323E-07 9.293E-08
     3     1 3.151E-03 2.019E-03  2083 -1.24E+01 -1.24E+01 1.515E-08 5.111E-09
     4     1 2.099E-04 1.617E-04  2083 -1.24E+01 -1.24E+01 7.611E-10 4.111E-10
     5     1 1.447E-05 1.201E-05  2083 -1.24E+01 -1.24E+01 4.875E-11 3.039E-11
                        (NSTEP:    65  DELTAT:   2.4574E+01  TIME:   4.1678E+02)
     1     1 1.366E+00 2.418E-01  2083 -1.22E+01 -1.24E+01 8.210E-05 2.491E-06
     2     1 4.315E-02 1.292E-02  2083 -1.22E+01 -1.22E+01 7.333E-07 9.241E-08
     3     1 3.105E-03 1.937E-03  2083 -1.22E+01 -1.22E+01 1.566E-08 5.056E-09
     4     1 2.125E-04 1.611E-04  2083 -1.22E+01 -1.22E+01 8.013E-10 4.225E-10
     5     1 1.505E-05 1.234E-05  2083 -1.22E+01 -1.22E+01 5.244E-11 3.222E-11
                        (NSTEP:    66  DELTAT:   2.4574E+01  TIME:   4.4136E+02)
     1     1 1.349E+00 2.440E-01  2083 -1.19E+01 -1.22E+01 8.202E-05 2.491E-06
     2     1 4.220E-02 1.165E-02  2083 -1.19E+01 -1.19E+01 7.342E-07 9.174E-08
     3     1 3.044E-03 1.844E-03  2083 -1.19E+01 -1.19E+01 1.613E-08 4.969E-09
     4     1 2.127E-04 1.585E-04  2083 -1.19E+01 -1.19E+01 8.353E-10 4.289E-10
     5     1 1.539E-05 1.246E-05  2083 -1.19E+01 -1.19E+01 5.554E-11 3.358E-11
                        (NSTEP:    67  DELTAT:   2.4574E+01  TIME:   4.6593E+02)
     1     1 1.333E+00 2.446E-01  2083 -1.17E+01 -1.19E+01 8.194E-05 2.491E-06
     2     1 4.127E-02 1.072E-02  2136 -1.26E+01 -1.26E+01 7.351E-07 9.093E-08
     3     1 2.973E-03 1.744E-03  2083 -1.17E+01 -1.17E+01 1.656E-08 4.855E-09
     4     1 2.109E-04 1.543E-04  2083 -1.17E+01 -1.17E+01 8.635E-10 4.310E-10
     5     1 1.553E-05 1.239E-05  2083 -1.17E+01 -1.17E+01 5.805E-11 3.449E-11
                        (NSTEP:    68  DELTAT:   2.4574E+01  TIME:   4.9050E+02)
     1     1 1.319E+00 2.438E-01  2083 -1.14E+01 -1.17E+01 8.187E-05 2.491E-06
     2     1 4.038E-02 1.010E-02  2136 -1.24E+01 -1.24E+01 7.358E-07 8.998E-08
     3     1 2.893E-03 1.642E-03  2083 -1.14E+01 -1.14E+01 1.694E-08 4.722E-09
     4     1 2.075E-04 1.488E-04  2083 -1.14E+01 -1.14E+01 8.866E-10 4.294E-10
     5     1 1.548E-05 1.217E-05  2083 -1.14E+01 -1.14E+01 6.000E-11 3.500E-11
                        (NSTEP:    69  DELTAT:   2.4574E+01  TIME:   5.1508E+02)
     1     1 1.306E+00 2.419E-01  2083 -1.12E+01 -1.14E+01 8.179E-05 2.491E-06
     2     1 3.953E-02 9.461E-03  2136 -1.22E+01 -1.22E+01 7.364E-07 8.888E-08
     3     1 2.810E-03 1.540E-03  2083 -1.12E+01 -1.12E+01 1.729E-08 4.576E-09
     4     1 2.029E-04 1.425E-04  2083 -1.12E+01 -1.12E+01 9.051E-10 4.247E-10
     5     1 1.529E-05 1.183E-05  2083 -1.12E+01 -1.12E+01 6.145E-11 3.515E-11
                        (NSTEP:    70  DELTAT:   2.4574E+01  TIME:   5.3965E+02)
     1     1 1.295E+00 2.389E-01  2083 -1.09E+01 -1.12E+01 8.171E-05 2.491E-06
     2     1 3.872E-02 8.814E-03  2136 -1.20E+01 -1.20E+01 7.368E-07 8.764E-08
     3     1 2.724E-03 1.440E-03  2083 -1.09E+01 -1.09E+01 1.761E-08 4.421E-09
     4     1 1.973E-04 1.356E-04  2083 -1.09E+01 -1.09E+01 9.198E-10 4.176E-10
     5     1 1.498E-05 1.140E-05  2083 -1.09E+01 -1.09E+01 6.246E-11 3.500E-11
                        (NSTEP:    71  DELTAT:   2.4574E+01  TIME:   5.6423E+02)
     1     1 1.284E+00 2.352E-01  2083 -1.07E+01 -1.09E+01 8.162E-05 2.491E-06
     2     1 3.795E-02 8.174E-03  2136 -1.18E+01 -1.18E+01 7.371E-07 8.629E-08
     3     1 2.637E-03 1.343E-03  2083 -1.07E+01 -1.07E+01 1.791E-08 4.265E-09
     4     1 1.910E-04 1.284E-04  2083 -1.07E+01 -1.07E+01 9.312E-10 4.085E-10
     5     1 1.458E-05 1.090E-05  2083 -1.07E+01 -1.07E+01 6.308E-11 3.460E-11
                        (NSTEP:    72  DELTAT:   2.4574E+01  TIME:   5.8880E+02)
     1     1 1.274E+00 2.307E-01  2083 -1.05E+01 -1.07E+01 8.154E-05 2.490E-06
     2     1 3.721E-02 7.552E-03  2136 -1.15E+01 -1.16E+01 7.372E-07 8.482E-08
     3     1 2.552E-03 1.251E-03  2083 -1.05E+01 -1.05E+01 1.817E-08 4.267E-09
     4     1 1.843E-04 1.211E-04  2083 -1.05E+01 -1.05E+01 9.398E-10 3.981E-10
     5     1 1.411E-05 1.037E-05  2083 -1.05E+01 -1.05E+01 6.338E-11 3.400E-11
                        (NSTEP:    73  DELTAT:   2.4574E+01  TIME:   6.1337E+02)
     1     1 1.265E+00 2.258E-01  2083 -1.02E+01 -1.05E+01 8.146E-05 2.490E-06
     2     1 3.651E-02 6.957E-03  2136 -1.13E+01 -1.13E+01 7.371E-07 8.325E-08
     3     1 2.469E-03 1.164E-03  2083 -1.02E+01 -1.02E+01 1.842E-08 4.253E-09
     4     1 1.774E-04 1.139E-04  2083 -1.02E+01 -1.02E+01 9.463E-10 3.867E-10
     5     1 1.360E-05 9.812E-06  2083 -1.02E+01 -1.02E+01 6.343E-11 3.326E-11
                        (NSTEP:    74  DELTAT:   2.4574E+01  TIME:   6.3795E+02)
     1     1 1.257E+00 2.205E-01  2083 -1.00E+01 -1.02E+01 8.138E-05 2.490E-06
     2     1 3.582E-02 6.521E-03  2188 -1.26E+01 -1.26E+01 7.368E-07 8.160E-08
     3     1 2.388E-03 1.083E-03  2083 -1.00E+01 -1.00E+01 1.863E-08 4.223E-09
     4     1 1.704E-04 1.068E-04  2083 -1.00E+01 -1.00E+01 9.509E-10 3.747E-10
     5     1 1.305E-05 9.253E-06  2083 -1.00E+01 -1.00E+01 6.326E-11 3.240E-11
                        (NSTEP:    75  DELTAT:   2.4574E+01  TIME:   6.6252E+02)
     1     1 1.250E+00 2.149E-01  2083 -9.78E+00 -1.00E+01 8.129E-05 2.490E-06
     2     1 3.517E-02 6.283E-03  2188 -1.25E+01 -1.25E+01 7.364E-07 7.988E-08
     3     1 2.310E-03 1.008E-03  2083 -9.78E+00 -9.78E+00 1.883E-08 4.180E-09
     4     1 1.635E-04 1.000E-04  2083 -9.78E+00 -9.78E+00 9.540E-10 3.624E-10
     5     1 1.250E-05 8.701E-06  2083 -9.78E+00 -9.78E+00 6.293E-11 3.147E-11
                        (NSTEP:    76  DELTAT:   2.4574E+01  TIME:   6.8710E+02)
     1     1 1.243E+00 2.091E-01  2083 -9.57E+00 -9.78E+00 8.121E-05 2.490E-06
     2     1 3.453E-02 6.033E-03  2188 -1.23E+01 -1.23E+01 7.358E-07 7.812E-08
     3     1 2.236E-03 9.378E-04  2083 -9.57E+00 -9.57E+00 1.901E-08 4.126E-09
     4     1 1.567E-04 9.359E-05  2083 -9.57E+00 -9.57E+00 9.558E-10 3.500E-10
                        (NSTEP:    77  DELTAT:   2.7031E+01  TIME:   7.1413E+02)
     1     1 1.360E+00 2.231E-01  2083 -9.35E+00 -9.57E+00 8.113E-05 2.490E-06
     2     1 4.107E-02 6.983E-03  2188 -1.21E+01 -1.21E+01 8.102E-07 8.423E-08
     3     1 2.879E-03 1.158E-03  2083 -9.34E+00 -9.34E+00 2.328E-08 4.944E-09
     4     1 2.181E-04 1.268E-04  2083 -9.34E+00 -9.34E+00 1.274E-09 4.485E-10
     5     1 1.814E-05 1.215E-05  2083 -9.34E+00 -9.34E+00 9.035E-11 4.292E-11
                        (NSTEP:    78  DELTAT:   2.7031E+01  TIME:   7.4116E+02)
     1     1 1.354E+00 2.160E-01  2083 -9.13E+00 -9.34E+00 8.104E-05 2.490E-06
     2     1 4.026E-02 6.630E-03  2188 -1.19E+01 -1.19E+01 8.090E-07 8.203E-08
     3     1 2.781E-03 1.072E-03  2083 -9.13E+00 -9.12E+00 2.346E-08 4.933E-09
     4     1 2.079E-04 1.177E-04  2083 -9.13E+00 -9.13E+00 1.274E-09 4.309E-10
     5     1 1.720E-05 1.130E-05  2083 -9.13E+00 -9.13E+00 8.934E-11 4.131E-11
                        (NSTEP:    79  DELTAT:   2.7031E+01  TIME:   7.6819E+02)
     1     1 1.348E+00 2.120E-01  2136 -1.00E+01 -1.03E+01 8.094E-05 2.490E-06
     2     1 3.946E-02 6.275E-03  2188 -1.17E+01 -1.18E+01 8.075E-07 7.984E-08
     3     1 2.687E-03 9.943E-04  2083 -8.91E+00 -8.91E+00 2.361E-08 4.908E-09
     4     1 1.983E-04 1.093E-04  2083 -8.91E+00 -8.91E+00 1.272E-09 4.140E-10
     5     1 1.629E-05 1.050E-05  2083 -8.91E+00 -8.91E+00 8.825E-11 3.972E-11
                        (NSTEP:    80  DELTAT:   2.7031E+01  TIME:   7.9522E+02)
     1     1 1.343E+00 2.077E-01  2136 -9.84E+00 -1.00E+01 8.085E-05 2.490E-06
     2     1 3.869E-02 5.923E-03  2188 -1.16E+01 -1.16E+01 8.058E-07 7.767E-08
     3     1 2.599E-03 9.238E-04  2083 -8.71E+00 -8.71E+00 2.374E-08 4.869E-09
     4     1 1.891E-04 1.016E-04  2083 -8.71E+00 -8.71E+00 1.270E-09 3.978E-10
     5     1 1.543E-05 9.750E-06  2083 -8.71E+00 -8.71E+00 8.712E-11 3.817E-11
                        (NSTEP:    81  DELTAT:   2.7031E+01  TIME:   8.2225E+02)
     1     1 1.338E+00 2.033E-01  2136 -9.63E+00 -9.83E+00 8.076E-05 2.490E-06
     2     1 3.793E-02 5.576E-03  2188 -1.14E+01 -1.14E+01 8.040E-07 7.554E-08
     3     1 2.515E-03 8.600E-04  2083 -8.51E+00 -8.51E+00 2.385E-08 4.820E-09
     4     1 1.805E-04 9.443E-05  2083 -8.51E+00 -8.51E+00 1.266E-09 3.824E-10
                        (NSTEP:    82  DELTAT:   2.9735E+01  TIME:   8.5199E+02)
     1     1 1.466E+00 2.179E-01  2136 -9.41E+00 -9.63E+00 8.067E-05 2.490E-06
     2     1 4.504E-02 6.339E-03  2188 -1.12E+01 -1.12E+01 8.840E-07 8.110E-08
     3     1 3.238E-03 1.064E-03  2083 -8.30E+00 -8.30E+00 2.906E-08 5.780E-09
     4     1 2.505E-04 1.273E-04  2083 -8.30E+00 -8.30E+00 1.681E-09 4.885E-10
     5     1 2.202E-05 1.336E-05  2083 -8.30E+00 -8.30E+00 1.237E-10 5.124E-11
                        (NSTEP:    83  DELTAT:   2.9735E+01  TIME:   8.8172E+02)
     1     1 1.462E+00 2.121E-01  2136 -9.19E+00 -9.41E+00 8.057E-05 2.490E-06
     2     1 4.407E-02 5.909E-03  2188 -1.10E+01 -1.10E+01 8.812E-07 7.867E-08
     3     1 3.128E-03 9.880E-04  2083 -8.10E+00 -8.10E+00 2.914E-08 5.691E-09
     4     1 2.383E-04 1.179E-04  2083 -8.10E+00 -8.10E+00 1.673E-09 4.686E-10
     5     1 2.076E-05 1.234E-05  2083 -8.10E+00 -8.10E+00 1.218E-10 4.907E-11
                        (NSTEP:    84  DELTAT:   2.9735E+01  TIME:   9.1146E+02)
     1     1 1.457E+00 2.062E-01  2136 -8.98E+00 -9.19E+00 8.048E-05 2.490E-06
     2     1 4.312E-02 5.500E-03  2188 -1.08E+01 -1.08E+01 8.782E-07 7.634E-08
     3     1 3.024E-03 9.202E-04  2083 -7.91E+00 -7.91E+00 2.919E-08 5.593E-09
     4     1 2.270E-04 1.094E-04  2083 -7.91E+00 -7.91E+00 1.665E-09 4.503E-10
     5     1 1.958E-05 1.142E-05  2083 -7.91E+00 -7.91E+00 1.199E-10 4.702E-11
                        (NSTEP:    85  DELTAT:   2.9735E+01  TIME:   9.4119E+02)
     1     1 1.454E+00 2.003E-01  2136 -8.78E+00 -8.98E+00 8.038E-05 2.490E-06
     2     1 4.219E-02 5.114E-03  2188 -1.06E+01 -1.06E+01 8.750E-07 7.411E-08
     3     1 2.925E-03 8.593E-04  2083 -7.72E+00 -7.72E+00 2.922E-08 5.490E-09
     4     1 2.165E-04 1.016E-04  2083 -7.72E+00 -7.72E+00 1.656E-09 4.334E-10
     5     1 1.849E-05 1.058E-05  2083 -7.72E+00 -7.72E+00 1.181E-10 4.511E-11
                        (NSTEP:    86  DELTAT:   2.9735E+01  TIME:   9.7092E+02)
     1     1 1.450E+00 1.944E-01  2136 -8.58E+00 -8.78E+00 8.028E-05 2.489E-06
     2     1 4.128E-02 4.897E-03  2189 -1.20E+01 -1.21E+01 8.716E-07 7.200E-08
     3     1 2.831E-03 8.045E-04  2083 -7.54E+00 -7.54E+00 2.923E-08 5.384E-09
     4     1 2.066E-04 9.464E-05  2083 -7.54E+00 -7.54E+00 1.646E-09 4.177E-10
                        (NSTEP:    87  DELTAT:   3.2708E+01  TIME:   1.0036E+03)
     1     1 1.591E+00 2.069E-01  2136 -8.37E+00 -8.58E+00 8.019E-05 2.489E-06
     2     1 4.893E-02 5.673E-03  2189 -1.19E+01 -1.19E+01 9.569E-07 7.736E-08
     3     1 3.646E-03 1.002E-03  2083 -7.35E+00 -7.35E+00 3.547E-08 6.403E-09
     4     1 2.870E-04 1.279E-04  2083 -7.35E+00 -7.35E+00 2.177E-09 5.355E-10
     5     1 2.631E-05 1.447E-05  2083 -7.35E+00 -7.35E+00 1.669E-10 6.057E-11
                        (NSTEP:    88  DELTAT:   3.2708E+01  TIME:   1.0363E+03)
     1     1 1.587E+00 2.034E-01  2188 -9.97E+00 -1.02E+01 8.008E-05 2.489E-06
     2     1 4.777E-02 5.396E-03  2189 -1.17E+01 -1.17E+01 9.523E-07 7.511E-08
     3     1 3.522E-03 9.372E-04  2083 -7.17E+00 -7.17E+00 3.542E-08 6.258E-09
     4     1 2.734E-04 1.189E-04  2083 -7.17E+00 -7.17E+00 2.160E-09 5.163E-10
     5     1 2.480E-05 1.339E-05  2083 -7.17E+00 -7.17E+00 1.641E-10 5.813E-11
                        (NSTEP:    89  DELTAT:   3.2708E+01  TIME:   1.0690E+03)
     1     1 1.584E+00 2.000E-01  2188 -9.77E+00 -9.97E+00 7.998E-05 2.489E-06
     2     1 4.665E-02 5.126E-03  2189 -1.15E+01 -1.15E+01 9.475E-07 7.301E-08
     3     1 3.404E-03 8.794E-04  2083 -6.99E+00 -6.99E+00 3.535E-08 6.115E-09
     4     1 2.608E-04 1.107E-04  2083 -6.99E+00 -6.99E+00 2.143E-09 4.987E-10
     5     1 2.341E-05 1.241E-05  2083 -6.99E+00 -6.99E+00 1.613E-10 5.589E-11
                        (NSTEP:    90  DELTAT:   3.2708E+01  TIME:   1.1018E+03)
     1     1 1.580E+00 1.963E-01  2188 -9.57E+00 -9.77E+00 7.988E-05 2.489E-06
     2     1 4.555E-02 4.864E-03  2189 -1.14E+01 -1.14E+01 9.425E-07 7.107E-08
     3     1 3.292E-03 8.273E-04  2083 -6.83E+00 -6.83E+00 3.526E-08 5.975E-09
     4     1 2.491E-04 1.034E-04  2083 -6.83E+00 -6.83E+00 2.125E-09 4.828E-10
     5     1 2.214E-05 1.153E-05  2083 -6.83E+00 -6.83E+00 1.586E-10 5.383E-11
                        (NSTEP:    91  DELTAT:   3.2708E+01  TIME:   1.1345E+03)
     1     1 1.577E+00 1.924E-01  2188 -9.37E+00 -9.57E+00 7.978E-05 2.489E-06
     2     1 4.448E-02 4.612E-03  2189 -1.12E+01 -1.12E+01 9.373E-07 6.927E-08
     3     1 3.186E-03 7.803E-04  2083 -6.66E+00 -6.66E+00 3.514E-08 5.839E-09
     4     1 2.381E-04 9.685E-05  2083 -6.66E+00 -6.66E+00 2.106E-09 4.682E-10
                        (NSTEP:    92  DELTAT:   3.5979E+01  TIME:   1.1704E+03)
     1     1 1.730E+00 2.068E-01  2188 -9.16E+00 -9.37E+00 7.968E-05 2.489E-06
     2     1 5.262E-02 5.293E-03  2189 -1.10E+01 -1.10E+01 1.028E-06 7.479E-08
     3     1 4.102E-03 9.786E-04  2083 -6.49E+00 -6.49E+00 4.251E-08 6.932E-09
     4     1 3.313E-04 1.316E-04  2083 -6.49E+00 -6.49E+00 2.778E-09 6.045E-10
     5     1 3.160E-05 1.589E-05  2083 -6.49E+00 -6.49E+00 2.236E-10 7.299E-11
                        (NSTEP:    93  DELTAT:   3.5979E+01  TIME:   1.2064E+03)
     1     1 1.727E+00 2.017E-01  2188 -8.96E+00 -9.16E+00 7.957E-05 2.489E-06
     2     1 5.126E-02 5.048E-03  2332 -1.26E+01 -1.26E+01 1.021E-06 7.295E-08
     3     1 3.961E-03 9.223E-04  2083 -6.33E+00 -6.33E+00 4.231E-08 6.765E-09
     4     1 3.161E-04 1.231E-04  2083 -6.33E+00 -6.33E+00 2.749E-09 5.870E-10
     5     1 2.986E-05 1.478E-05  2083 -6.33E+00 -6.33E+00 2.195E-10 7.048E-11
                        (NSTEP:    94  DELTAT:   3.5979E+01  TIME:   1.2424E+03)
     1     1 1.723E+00 1.966E-01  2188 -8.76E+00 -8.95E+00 7.946E-05 2.489E-06
     2     1 4.995E-02 4.904E-03  2332 -1.25E+01 -1.25E+01 1.014E-06 7.128E-08
     3     1 3.827E-03 8.713E-04  2083 -6.17E+00 -6.17E+00 4.209E-08 6.608E-09
     4     1 3.020E-04 1.154E-04  2083 -6.17E+00 -6.17E+00 2.720E-09 5.712E-10
     5     1 2.826E-05 1.378E-05  2083 -6.17E+00 -6.17E+00 2.155E-10 6.819E-11
                        (NSTEP:    95  DELTAT:   3.5979E+01  TIME:   1.2784E+03)
     1     1 1.719E+00 1.915E-01  2188 -8.56E+00 -8.75E+00 7.936E-05 2.488E-06
     2     1 4.867E-02 4.750E-03  2332 -1.23E+01 -1.23E+01 1.008E-06 6.975E-08
     3     1 3.700E-03 8.247E-04  2083 -6.02E+00 -6.02E+00 4.186E-08 6.459E-09
     4     1 2.888E-04 1.085E-04  2083 -6.02E+00 -6.02E+00 2.690E-09 5.568E-10
     5     1 2.679E-05 1.288E-05  2083 -6.02E+00 -6.02E+00 2.117E-10 6.610E-11
                        (NSTEP:    96  DELTAT:   3.5979E+01  TIME:   1.3144E+03)
     1     1 1.715E+00 1.863E-01  2188 -8.37E+00 -8.56E+00 7.925E-05 2.488E-06
     2     1 4.743E-02 4.596E-03   812 -1.81E+00 -1.81E+00 1.001E-06 6.835E-08
     3     1 3.579E-03 7.822E-04  2083 -5.87E+00 -5.87E+00 4.161E-08 6.318E-09
     4     1 2.765E-04 1.022E-04  2083 -5.87E+00 -5.87E+00 2.661E-09 5.438E-10
     5     1 2.543E-05 1.206E-05  2083 -5.87E+00 -5.87E+00 2.079E-10 6.419E-11
                        (NSTEP:    97  DELTAT:   3.5979E+01  TIME:   1.3503E+03)
     1     1 1.711E+00 1.812E-01  2188 -8.19E+00 -8.37E+00 7.915E-05 2.488E-06
     2     1 4.622E-02 4.496E-03   812 -1.79E+00 -1.79E+00 9.935E-07 6.708E-08
     3     1 3.463E-03 7.430E-04  2083 -5.73E+00 -5.73E+00 4.136E-08 6.186E-09
     4     1 2.650E-04 9.642E-05  2083 -5.73E+00 -5.73E+00 2.631E-09 5.318E-10
                        (NSTEP:    98  DELTAT:   3.9577E+01  TIME:   1.3899E+03)
     1     1 1.876E+00 1.932E-01  2188 -7.99E+00 -8.19E+00 7.905E-05 2.488E-06
     2     1 5.459E-02 5.357E-03   812 -1.77E+00 -1.77E+00 1.088E-06 7.301E-08
     3     1 4.458E-03 9.379E-04  2083 -5.58E+00 -5.58E+00 4.988E-08 7.365E-09
     4     1 3.695E-04 1.319E-04  2083 -5.58E+00 -5.58E+00 3.463E-09 6.921E-10
     5     1 3.657E-05 1.686E-05  2083 -5.58E+00 -5.58E+00 2.926E-10 8.841E-11
                        (NSTEP:    99  DELTAT:   3.9577E+01  TIME:   1.4295E+03)
     1     1 1.871E+00 1.886E-01  2189 -9.70E+00 -9.89E+00 7.894E-05 2.488E-06
     2     1 5.308E-02 5.231E-03   812 -1.75E+00 -1.75E+00 1.079E-06 7.173E-08
     3     1 4.304E-03 8.894E-04  2083 -5.44E+00 -5.44E+00 4.951E-08 7.211E-09
     4     1 3.534E-04 1.243E-04  2083 -5.44E+00 -5.44E+00 3.421E-09 6.775E-10
     5     1 3.469E-05 1.579E-05  2083 -5.44E+00 -5.44E+00 2.870E-10 8.605E-11
                        (NSTEP:   100  DELTAT:   3.9577E+01  TIME:   1.4691E+03)
     1     1 1.865E+00 1.856E-01  2189 -9.51E+00 -9.69E+00 7.884E-05 2.488E-06
     2     1 5.162E-02 5.109E-03   812 -1.73E+00 -1.73E+00 1.071E-06 7.056E-08
     3     1 4.157E-03 8.445E-04  2083 -5.30E+00 -5.30E+00 4.913E-08 7.066E-09
     4     1 3.383E-04 1.174E-04  2083 -5.30E+00 -5.30E+00 3.378E-09 6.641E-10
     5     1 3.295E-05 1.483E-05  2083 -5.30E+00 -5.30E+00 2.816E-10 8.389E-11
                        (NSTEP:   101  DELTAT:   3.9577E+01  TIME:   1.5086E+03)
     1     1 1.859E+00 1.824E-01  2189 -9.32E+00 -9.51E+00 7.873E-05 2.488E-06
     2     1 5.021E-02 4.991E-03   812 -1.71E+00 -1.71E+00 1.062E-06 6.950E-08
     3     1 4.018E-03 8.029E-04  2083 -5.17E+00 -5.17E+00 4.873E-08 6.932E-09
     4     1 3.241E-04 1.114E-04   812 -1.71E+00 -1.71E+00 3.336E-09 6.517E-10
     5     1 3.134E-05 1.395E-05   812 -1.71E+00 -1.71E+00 2.764E-10 8.189E-11
                        (NSTEP:   102  DELTAT:   3.9577E+01  TIME:   1.5482E+03)
     1     1 1.853E+00 1.791E-01  2189 -9.14E+00 -9.32E+00 7.863E-05 2.488E-06
     2     1 4.885E-02 4.875E-03   812 -1.69E+00 -1.69E+00 1.054E-06 6.853E-08
     3     1 3.884E-03 7.764E-04   812 -1.69E+00 -1.69E+00 4.834E-08 6.805E-09
     4     1 3.108E-04 1.075E-04   812 -1.69E+00 -1.69E+00 3.294E-09 6.402E-10
     5     1 2.985E-05 1.339E-05   812 -1.69E+00 -1.69E+00 2.713E-10 8.004E-11
                        (NSTEP:   103  DELTAT:   3.9577E+01  TIME:   1.5878E+03)
     1     1 1.847E+00 1.757E-01  2189 -8.96E+00 -9.14E+00 7.853E-05 2.487E-06
     2     1 4.754E-02 4.762E-03   812 -1.67E+00 -1.67E+00 1.045E-06 6.764E-08
     3     1 3.757E-03 7.539E-04   812 -1.67E+00 -1.67E+00 4.794E-08 6.687E-09
     4     1 2.983E-04 1.038E-04   812 -1.67E+00 -1.67E+00 3.253E-09 6.294E-10
     5     1 2.846E-05 1.287E-05   812 -1.67E+00 -1.67E+00 2.664E-10 7.831E-11
                        (NSTEP:   104  DELTAT:   3.9577E+01  TIME:   1.6274E+03)
     1     1 1.840E+00 1.722E-01  2189 -8.79E+00 -8.96E+00 7.843E-05 2.487E-06
     2     1 4.627E-02 4.652E-03   812 -1.66E+00 -1.65E+00 1.037E-06 6.682E-08
     3     1 3.635E-03 7.324E-04   812 -1.65E+00 -1.66E+00 4.753E-08 6.576E-09
     4     1 2.866E-04 1.003E-04   812 -1.65E+00 -1.65E+00 3.213E-09 6.193E-10
     5     1 2.716E-05 1.238E-05   812 -1.65E+00 -1.65E+00 2.616E-10 7.669E-11
                        (NSTEP:   105  DELTAT:   3.9577E+01  TIME:   1.6670E+03)
     1     1 1.833E+00 1.687E-01  2189 -8.62E+00 -8.78E+00 7.833E-05 2.487E-06
     2     1 4.506E-02 4.545E-03   812 -1.64E+00 -1.63E+00 1.028E-06 6.606E-08
     3     1 3.519E-03 7.119E-04   812 -1.64E+00 -1.64E+00 4.712E-08 6.471E-09
     4     1 2.755E-04 9.700E-05   812 -1.64E+00 -1.64E+00 3.173E-09 6.098E-10
                        (NSTEP:   106  DELTAT:   4.3534E+01  TIME:   1.7105E+03)
     1     1 2.007E+00 1.813E-01  2189 -8.43E+00 -8.61E+00 7.823E-05 2.487E-06
     2     1 5.318E-02 5.403E-03   812 -1.62E+00 -1.61E+00 1.125E-06 7.247E-08
     3     1 4.529E-03 9.180E-04   812 -1.62E+00 -1.62E+00 5.672E-08 7.748E-09
     4     1 3.850E-04 1.360E-04   812 -1.62E+00 -1.62E+00 4.171E-09 7.979E-10
     5     1 3.940E-05 1.816E-05   812 -1.62E+00 -1.62E+00 3.681E-10 1.070E-10
                        (NSTEP:   107  DELTAT:   4.3534E+01  TIME:   1.7540E+03)
     1     1 1.998E+00 1.770E-01  2189 -8.25E+00 -8.43E+00 7.813E-05 2.487E-06
     2     1 5.168E-02 5.265E-03   812 -1.60E+00 -1.59E+00 1.115E-06 7.168E-08
     3     1 4.374E-03 8.905E-04   812 -1.60E+00 -1.60E+00 5.618E-08 7.624E-09
     4     1 3.692E-04 1.312E-04   812 -1.60E+00 -1.60E+00 4.114E-09 7.854E-10
     5     1 3.755E-05 1.744E-05   812 -1.60E+00 -1.60E+00 3.611E-10 1.048E-10
                        (NSTEP:   108  DELTAT:   4.3534E+01  TIME:   1.7976E+03)
     1     1 1.989E+00 1.727E-01  2189 -8.08E+00 -8.25E+00 7.802E-05 2.487E-06
     2     1 5.024E-02 5.131E-03   812 -1.58E+00 -1.57E+00 1.105E-06 7.094E-08
     3     1 4.225E-03 8.641E-04   812 -1.58E+00 -1.58E+00 5.564E-08 7.507E-09
     4     1 3.542E-04 1.267E-04   812 -1.58E+00 -1.58E+00 4.059E-09 7.734E-10
     5     1 3.582E-05 1.677E-05   812 -1.58E+00 -1.58E+00 3.544E-10 1.028E-10
                        (NSTEP:   109  DELTAT:   4.3534E+01  TIME:   1.8411E+03)
     1     1 1.980E+00 1.684E-01  2189 -7.91E+00 -8.07E+00 7.792E-05 2.487E-06
     2     1 4.886E-02 5.001E-03   812 -1.56E+00 -1.56E+00 1.096E-06 7.024E-08
     3     1 4.083E-03 8.387E-04   812 -1.56E+00 -1.56E+00 5.511E-08 7.395E-09
     4     1 3.401E-04 1.224E-04   812 -1.56E+00 -1.56E+00 4.004E-09 7.619E-10
     5     1 3.420E-05 1.613E-05   812 -1.56E+00 -1.56E+00 3.478E-10 1.008E-10
                        (NSTEP:   110  DELTAT:   4.3534E+01  TIME:   1.8846E+03)
     1     1 1.970E+00 1.642E-01  2189 -7.74E+00 -7.90E+00 7.782E-05 2.486E-06
     2     1 4.754E-02 4.874E-03   812 -1.54E+00 -1.54E+00 1.086E-06 6.959E-08
     3     1 3.948E-03 8.144E-04   812 -1.54E+00 -1.54E+00 5.457E-08 7.290E-09
     4     1 3.268E-04 1.183E-04   812 -1.54E+00 -1.54E+00 3.951E-09 7.508E-10
     5     1 3.268E-05 1.552E-05   812 -1.54E+00 -1.54E+00 3.414E-10 9.888E-11
                        (NSTEP:   111  DELTAT:   4.3534E+01  TIME:   1.9282E+03)
     1     1 1.960E+00 1.612E-01  2332 -9.78E+00 -9.94E+00 7.772E-05 2.486E-06
     2     1 4.628E-02 4.750E-03   812 -1.53E+00 -1.52E+00 1.077E-06 6.898E-08
     3     1 3.818E-03 7.909E-04   812 -1.53E+00 -1.53E+00 5.405E-08 7.189E-09
     4     1 3.142E-04 1.144E-04   812 -1.53E+00 -1.53E+00 3.899E-09 7.402E-10
     5     1 3.125E-05 1.494E-05   812 -1.53E+00 -1.53E+00 3.353E-10 9.705E-11
                        (NSTEP:   112  DELTAT:   4.3534E+01  TIME:   1.9717E+03)
     1     1 1.950E+00 1.589E-01  2332 -9.62E+00 -9.78E+00 7.762E-05 2.486E-06
     2     1 4.507E-02 4.630E-03   812 -1.51E+00 -1.50E+00 1.068E-06 6.839E-08
     3     1 3.694E-03 7.683E-04   812 -1.51E+00 -1.51E+00 5.353E-08 7.093E-09
     4     1 3.023E-04 1.107E-04   812 -1.51E+00 -1.51E+00 3.847E-09 7.298E-10
     5     1 2.991E-05 1.439E-05   812 -1.51E+00 -1.51E+00 3.292E-10 9.529E-11
                        (NSTEP:   113  DELTAT:   4.3534E+01  TIME:   2.0152E+03)
     1     1 1.940E+00 1.566E-01  2332 -9.46E+00 -9.61E+00 7.753E-05 2.486E-06
     2     1 4.391E-02 4.513E-03   812 -1.49E+00 -1.49E+00 1.059E-06 6.784E-08
     3     1 3.576E-03 7.466E-04   812 -1.49E+00 -1.49E+00 5.302E-08 7.000E-09
     4     1 2.910E-04 1.071E-04   812 -1.49E+00 -1.49E+00 3.797E-09 7.198E-10
     5     1 2.865E-05 1.387E-05   812 -1.49E+00 -1.49E+00 3.234E-10 9.359E-11
                        (NSTEP:   114  DELTAT:   4.3534E+01  TIME:   2.0588E+03)
     1     1 1.929E+00 1.542E-01  2332 -9.30E+00 -9.46E+00 7.743E-05 2.486E-06
     2     1 4.280E-02 4.399E-03   812 -1.48E+00 -1.47E+00 1.050E-06 6.730E-08
     3     1 3.463E-03 7.256E-04   812 -1.48E+00 -1.48E+00 5.251E-08 6.912E-09
     4     1 2.802E-04 1.037E-04   812 -1.48E+00 -1.48E+00 3.748E-09 7.101E-10
     5     1 2.746E-05 1.337E-05   812 -1.48E+00 -1.48E+00 3.177E-10 9.194E-11
                        (NSTEP:   115  DELTAT:   4.3534E+01  TIME:   2.1023E+03)
     1     1 1.919E+00 1.517E-01  2332 -9.15E+00 -9.30E+00 7.734E-05 2.486E-06
     2     1 4.174E-02 4.288E-03   812 -1.46E+00 -1.46E+00 1.041E-06 6.679E-08
     3     1 3.354E-03 7.053E-04   812 -1.46E+00 -1.46E+00 5.202E-08 6.826E-09
     4     1 2.700E-04 1.004E-04   812 -1.46E+00 -1.46E+00 3.700E-09 7.006E-10
     5     1 2.634E-05 1.289E-05   812 -1.46E+00 -1.46E+00 3.122E-10 9.034E-11
                        (NSTEP:   116  DELTAT:   4.3534E+01  TIME:   2.1458E+03)
     1     1 1.908E+00 1.491E-01  2332 -9.00E+00 -9.15E+00 7.725E-05 2.485E-06
     2     1 4.072E-02 4.180E-03   812 -1.45E+00 -1.44E+00 1.032E-06 6.629E-08
     3     1 3.251E-03 6.857E-04   812 -1.45E+00 -1.45E+00 5.153E-08 6.744E-09
     4     1 2.603E-04 9.720E-05   812 -1.45E+00 -1.45E+00 3.652E-09 6.913E-10
                        (NSTEP:   117  DELTAT:   4.7888E+01  TIME:   2.1937E+03)
     1     1 2.085E+00 1.608E-01  2332 -8.83E+00 -8.99E+00 7.716E-05 2.485E-06
     2     1 4.817E-02 4.955E-03   812 -1.43E+00 -1.43E+00 1.130E-06 7.301E-08
     3     1 4.188E-03 8.825E-04   812 -1.43E+00 -1.43E+00 6.198E-08 8.103E-09
     4     1 3.646E-04 1.360E-04   812 -1.43E+00 -1.43E+00 4.799E-09 9.048E-10
     5     1 3.847E-05 1.890E-05   812 -1.43E+00 -1.43E+00 4.392E-10 1.264E-10
                        (NSTEP:   118  DELTAT:   4.7888E+01  TIME:   2.2416E+03)
     1     1 2.072E+00 1.575E-01  2332 -8.67E+00 -8.83E+00 7.706E-05 2.485E-06
     2     1 4.693E-02 4.818E-03   812 -1.41E+00 -1.41E+00 1.120E-06 7.244E-08
     3     1 4.049E-03 8.558E-04   812 -1.41E+00 -1.41E+00 6.135E-08 8.000E-09
     4     1 3.507E-04 1.313E-04   812 -1.41E+00 -1.41E+00 4.733E-09 8.918E-10
     5     1 3.681E-05 1.817E-05   812 -1.41E+00 -1.41E+00 4.311E-10 1.240E-10
                        (NSTEP:   119  DELTAT:   4.7888E+01  TIME:   2.2895E+03)
     1     1 2.059E+00 1.543E-01  2332 -8.52E+00 -8.67E+00 7.696E-05 2.485E-06
     2     1 4.574E-02 4.685E-03   812 -1.40E+00 -1.39E+00 1.110E-06 7.188E-08
     3     1 3.917E-03 8.301E-04   812 -1.40E+00 -1.40E+00 6.074E-08 7.899E-09
     4     1 3.374E-04 1.268E-04   812 -1.40E+00 -1.40E+00 4.668E-09 8.791E-10
     5     1 3.526E-05 1.747E-05   812 -1.40E+00 -1.40E+00 4.231E-10 1.217E-10
                        (NSTEP:   120  DELTAT:   4.7888E+01  TIME:   2.3374E+03)
     1     1 2.046E+00 1.510E-01  2332 -8.36E+00 -8.52E+00 7.687E-05 2.485E-06
     2     1 4.461E-02 4.556E-03   812 -1.38E+00 -1.38E+00 1.100E-06 7.134E-08
     3     1 3.790E-03 8.052E-04   812 -1.38E+00 -1.38E+00 6.013E-08 7.802E-09
     4     1 3.249E-04 1.225E-04   812 -1.38E+00 -1.38E+00 4.605E-09 8.666E-10
     5     1 3.379E-05 1.680E-05   812 -1.38E+00 -1.38E+00 4.153E-10 1.195E-10
                        (NSTEP:   121  DELTAT:   4.7888E+01  TIME:   2.3853E+03)
     1     1 2.033E+00 1.477E-01  2332 -8.22E+00 -8.36E+00 7.677E-05 2.485E-06
     2     1 4.353E-02 4.431E-03   812 -1.37E+00 -1.37E+00 1.091E-06 7.080E-08
     3     1 3.669E-03 7.813E-04   812 -1.37E+00 -1.37E+00 5.954E-08 7.707E-09
     4     1 3.130E-04 1.184E-04   812 -1.37E+00 -1.37E+00 4.543E-09 8.544E-10
     5     1 3.241E-05 1.617E-05   812 -1.37E+00 -1.37E+00 4.078E-10 1.173E-10
                        (NSTEP:   122  DELTAT:   4.7888E+01  TIME:   2.4332E+03)
     1     1 2.020E+00 1.444E-01  2332 -8.07E+00 -8.21E+00 7.668E-05 2.484E-06
     2     1 4.249E-02 4.309E-03   812 -1.36E+00 -1.35E+00 1.082E-06 7.028E-08
     3     1 3.553E-03 7.582E-04   812 -1.36E+00 -1.36E+00 5.895E-08 7.615E-09
     4     1 3.017E-04 1.145E-04   812 -1.36E+00 -1.36E+00 4.482E-09 8.424E-10
     5     1 3.110E-05 1.556E-05   812 -1.36E+00 -1.36E+00 4.004E-10 1.152E-10
                        (NSTEP:   123  DELTAT:   4.7888E+01  TIME:   2.4810E+03)
     1     1 2.007E+00 1.412E-01  2332 -7.93E+00 -8.07E+00 7.659E-05 2.484E-06
     2     1 4.150E-02 4.191E-03   812 -1.34E+00 -1.34E+00 1.073E-06 6.976E-08
     3     1 3.443E-03 7.359E-04   812 -1.34E+00 -1.34E+00 5.838E-08 7.525E-09
     4     1 2.910E-04 1.107E-04   812 -1.34E+00 -1.34E+00 4.423E-09 8.306E-10
     5     1 2.987E-05 1.497E-05   812 -1.34E+00 -1.34E+00 3.932E-10 1.131E-10
                        (NSTEP:   124  DELTAT:   4.7888E+01  TIME:   2.5289E+03)
     1     1 1.994E+00 1.383E-01  2447 -9.50E+00 -9.63E+00 7.650E-05 2.484E-06
     2     1 4.056E-02 4.296E-03  3354 -1.41E+01 -1.41E+01 1.064E-06 6.924E-08
     3     1 3.337E-03 7.143E-04   812 -1.33E+00 -1.33E+00 5.782E-08 7.437E-09
     4     1 2.808E-04 1.070E-04   812 -1.33E+00 -1.33E+00 4.365E-09 8.190E-10
     5     1 2.871E-05 1.442E-05   812 -1.33E+00 -1.33E+00 3.862E-10 1.111E-10
                        (NSTEP:   125  DELTAT:   4.7888E+01  TIME:   2.5768E+03)
     1     1 1.981E+00 1.368E-01  2333 -9.72E+00 -9.85E+00 7.641E-05 2.484E-06
     2     1 3.965E-02 4.443E-03  3354 -1.40E+01 -1.40E+01 1.055E-06 6.873E-08
     3     1 3.235E-03 6.935E-04   812 -1.32E+00 -1.32E+00 5.727E-08 7.351E-09
     4     1 2.711E-04 1.035E-04   812 -1.32E+00 -1.32E+00 4.308E-09 8.077E-10
     5     1 2.762E-05 1.388E-05   812 -1.32E+00 -1.32E+00 3.794E-10 1.091E-10
                        (NSTEP:   126  DELTAT:   4.7888E+01  TIME:   2.6247E+03)
     1     1 1.968E+00 1.353E-01  2333 -9.58E+00 -9.72E+00 7.632E-05 2.484E-06
     2     1 3.878E-02 4.581E-03  3354 -1.39E+01 -1.39E+01 1.047E-06 6.823E-08
     3     1 3.138E-03 6.734E-04   812 -1.30E+00 -1.30E+00 5.674E-08 7.267E-09
     4     1 2.619E-04 1.002E-04   812 -1.30E+00 -1.30E+00 4.252E-09 7.965E-10
     5     1 2.658E-05 1.337E-05   812 -1.30E+00 -1.30E+00 3.727E-10 1.071E-10
                        (NSTEP:   127  DELTAT:   4.7888E+01  TIME:   2.6726E+03)
     1     1 1.955E+00 1.337E-01  2333 -9.44E+00 -9.58E+00 7.623E-05 2.483E-06
     2     1 3.795E-02 4.710E-03  3354 -1.38E+01 -1.38E+01 1.039E-06 6.773E-08
     3     1 3.045E-03 6.540E-04   812 -1.29E+00 -1.29E+00 5.621E-08 7.185E-09
     4     1 2.532E-04 9.692E-05   812 -1.29E+00 -1.29E+00 4.198E-09 7.854E-10
