#INITIAL VOLUME OF WATER IN THE SUBSURFACE =   1.39802E+05
#NSTEP       DELTAT         TIME  NLIN   AVG.LIN       STORE1       STORE2       DSTORE   CUM.DSTORE       VIN  CUM.VIN       VOUT    CUM.VOUT   VIN+VOUT   CUM. VIN  M.BAL.ERR   REL. MBE   CUM. MBE      CUM.
#                                 ITER.    ITER.                             (>0 x inc)                                                                      + VOUT  (Vi+Vo-Ds)        (%)             ABS(MBE)
     1 9.765625E-02 9.765625E-02     2 1.000E+00 1.398139E+05 1.398140E+05  1.23628E+01  1.23628E+01 6.182E+00 6.182E+00  0.000E+00  0.000E+00  6.182E+00  6.182E+00 -6.181E+00 -9.999E+01 -6.181E+00 6.181E+00
     2 1.074219E-01 2.050781E-01     2 1.000E+00 1.398139E+05 1.398140E+05  3.15301E-04  1.23631E+01 6.800E+00 1.298E+01  0.000E+00  0.000E+00  6.800E+00  1.298E+01  6.799E+00  1.000E+02  6.183E-01 1.298E+01
     3 1.181641E-01 3.232422E-01     2 1.000E+00 1.398139E+05 1.398140E+05  3.46832E-04  1.23634E+01 3.468E-04 1.298E+01  0.000E+00  0.000E+00  3.468E-04  1.298E+01 -2.072E-08 -5.973E-03  6.183E-01 1.298E+01
     4 1.299805E-01 4.532227E-01     2 1.000E+00 1.398139E+05 1.398140E+05  3.81517E-04  1.23638E+01 3.815E-04 1.298E+01  0.000E+00  0.000E+00  3.815E-04  1.298E+01 -2.386E-08 -6.255E-03  6.183E-01 1.298E+01
     5 1.429785E-01 5.962012E-01     2 1.000E+00 1.398139E+05 1.398140E+05  4.19669E-04  1.23642E+01 4.196E-04 1.298E+01  0.000E+00  0.000E+00  4.196E-04  1.298E+01 -2.755E-08 -6.566E-03  6.183E-01 1.298E+01
     6 1.572764E-01 7.534775E-01     2 1.000E+00 1.398139E+05 1.398140E+05  4.61638E-04  1.23647E+01 4.616E-04 1.298E+01  0.000E+00  0.000E+00  4.616E-04  1.298E+01 -3.188E-08 -6.907E-03  6.183E-01 1.298E+01
     7 1.730040E-01 9.264815E-01     2 1.000E+00 1.398139E+05 1.398140E+05  5.07804E-04  1.23652E+01 5.078E-04 1.298E+01  0.000E+00  0.000E+00  5.078E-04  1.298E+01 -3.698E-08 -7.283E-03  6.183E-01 1.298E+01
     8 1.903044E-01 1.116786E+00     2 1.000E+00 1.398139E+05 1.398140E+05  5.58586E-04  1.23658E+01 5.585E-04 1.298E+01  0.000E+00  0.000E+00  5.585E-04  1.298E+01 -4.298E-08 -7.696E-03  6.183E-01 1.298E+01
     9 2.093348E-01 1.326121E+00     2 1.000E+00 1.398139E+05 1.398140E+05  6.14448E-04  1.23664E+01 6.144E-04 1.298E+01  0.000E+00  0.000E+00  6.144E-04  1.298E+01 -5.007E-08 -8.150E-03  6.183E-01 1.298E+01
    10 2.302683E-01 1.556389E+00     2 1.000E+00 1.398140E+05 1.398140E+05  6.75896E-04  1.23670E+01 6.758E-04 1.299E+01  0.000E+00  0.000E+00  6.758E-04  1.299E+01 -5.846E-08 -8.650E-03  6.183E-01 1.298E+01
    11 2.532952E-01 1.809684E+00     2 1.000E+00 1.398140E+05 1.398140E+05  7.43490E-04  1.23678E+01 7.434E-04 1.299E+01  0.000E+00  0.000E+00  7.434E-04  1.299E+01 -6.839E-08 -9.199E-03  6.183E-01 1.298E+01
    12 2.786247E-01 2.088309E+00     2 1.000E+00 1.398140E+05 1.398140E+05  8.17844E-04  1.23686E+01 8.178E-04 1.299E+01  0.000E+00  0.000E+00  8.178E-04  1.299E+01 -8.017E-08 -9.804E-03  6.183E-01 1.298E+01
    13 3.064871E-01 2.394796E+00     2 1.000E+00 1.398140E+05 1.398140E+05  8.99634E-04  1.23695E+01 8.995E-04 1.299E+01  0.000E+00  0.000E+00  8.995E-04  1.299E+01 -9.417E-08 -1.047E-02  6.183E-01 1.298E+01
    14 3.371359E-01 2.731932E+00     2 1.000E+00 1.398140E+05 1.398140E+05  9.89605E-04  1.23705E+01 9.895E-04 1.299E+01  0.000E+00  0.000E+00  9.895E-04  1.299E+01 -1.108E-07 -1.120E-02  6.183E-01 1.298E+01
    15 3.708494E-01 3.102781E+00     2 1.000E+00 1.398140E+05 1.398140E+05  1.08857E-03  1.23716E+01 1.088E-03 1.299E+01  0.000E+00  0.000E+00  1.088E-03  1.299E+01 -1.307E-07 -1.200E-02  6.183E-01 1.298E+01
    16 4.079344E-01 3.510716E+00     2 1.000E+00 1.398140E+05 1.398140E+05  1.19744E-03  1.23728E+01 1.197E-03 1.299E+01  0.000E+00  0.000E+00  1.197E-03  1.299E+01 -1.543E-07 -1.289E-02  6.183E-01 1.298E+01
    17 4.487278E-01 3.959444E+00     2 1.000E+00 1.398140E+05 1.398140E+05  1.31720E-03  1.23741E+01 1.317E-03 1.299E+01  0.000E+00  0.000E+00  1.317E-03  1.299E+01 -1.825E-07 -1.386E-02  6.183E-01 1.298E+01
    18 4.936006E-01 4.453044E+00     2 1.000E+00 1.398140E+05 1.398140E+05  1.44893E-03  1.23755E+01 1.449E-03 1.299E+01  0.000E+00  0.000E+00  1.449E-03  1.299E+01 -2.163E-07 -1.493E-02  6.183E-01 1.298E+01
    19 5.429607E-01 4.996005E+00     2 1.000E+00 1.398140E+05 1.398140E+05  1.59385E-03  1.23771E+01 1.594E-03 1.300E+01  0.000E+00  0.000E+00  1.594E-03  1.300E+01 -2.567E-07 -1.611E-02  6.183E-01 1.298E+01
    20 5.972567E-01 5.593262E+00     2 1.000E+00 1.398140E+05 1.398140E+05  1.75325E-03  1.23789E+01 1.753E-03 1.300E+01  0.000E+00  0.000E+00  1.753E-03  1.300E+01 -3.050E-07 -1.740E-02  6.183E-01 1.298E+01
    21 6.569824E-01 6.250244E+00     2 1.000E+00 1.398140E+05 1.398140E+05  1.92861E-03  1.23808E+01 1.928E-03 1.300E+01  0.000E+00  0.000E+00  1.928E-03  1.300E+01 -3.629E-07 -1.882E-02  6.183E-01 1.298E+01
    22 7.226807E-01 6.972925E+00     2 1.000E+00 1.398140E+05 1.398140E+05  2.12150E-03  1.23829E+01 2.121E-03 1.300E+01  0.000E+00  0.000E+00  2.121E-03  1.300E+01 -4.323E-07 -2.038E-02  6.183E-01 1.298E+01
    23 7.949487E-01 7.767873E+00     2 1.000E+00 1.398140E+05 1.398140E+05  2.33369E-03  1.23853E+01 2.333E-03 1.300E+01  0.000E+00  0.000E+00  2.333E-03  1.300E+01 -5.157E-07 -2.210E-02  6.183E-01 1.298E+01
    24 8.744436E-01 8.642317E+00     2 1.000E+00 1.398140E+05 1.398140E+05  2.56711E-03  1.23878E+01 2.566E-03 1.301E+01  0.000E+00  0.000E+00  2.566E-03  1.301E+01 -6.157E-07 -2.399E-02  6.183E-01 1.298E+01
    25 9.618880E-01 9.604205E+00     2 1.000E+00 1.398140E+05 1.398140E+05  2.82388E-03  1.23907E+01 2.823E-03 1.301E+01  0.000E+00  0.000E+00  2.823E-03  1.301E+01 -7.360E-07 -2.607E-02  6.183E-01 1.298E+01
    26 1.058077E+00 1.066228E+01     2 1.000E+00 1.398140E+05 1.398140E+05  3.10634E-03  1.23938E+01 3.105E-03 1.301E+01  0.000E+00  0.000E+00  3.105E-03  1.301E+01 -8.805E-07 -2.835E-02  6.183E-01 1.298E+01
    27 1.163884E+00 1.182617E+01     2 1.000E+00 1.398140E+05 1.398140E+05  3.41706E-03  1.23972E+01 3.416E-03 1.302E+01  0.000E+00  0.000E+00  3.416E-03  1.302E+01 -1.054E-06 -3.086E-02  6.183E-01 1.298E+01
    28 1.280273E+00 1.310644E+01     2 1.000E+00 1.398140E+05 1.398140E+05  3.75886E-03  1.24010E+01 3.758E-03 1.302E+01  0.000E+00  0.000E+00  3.758E-03  1.302E+01 -1.263E-06 -3.362E-02  6.183E-01 1.298E+01
    29 1.408300E+00 1.451474E+01     3 1.000E+00 1.398140E+05 1.398140E+05  4.13349E-03  1.24051E+01 4.133E-03 1.302E+01  0.000E+00  0.000E+00  4.133E-03  1.302E+01 -1.298E-07 -3.139E-03  6.183E-01 1.298E+01
    30 1.549130E+00 1.606387E+01     3 1.000E+00 1.398140E+05 1.398140E+05  4.54684E-03  1.24096E+01 4.547E-03 1.303E+01  0.000E+00  0.000E+00  4.547E-03  1.303E+01 -1.427E-07 -3.138E-03  6.183E-01 1.298E+01
    31 1.704043E+00 1.776791E+01     3 1.000E+00 1.398140E+05 1.398140E+05  5.00152E-03  1.24146E+01 5.001E-03 1.303E+01  0.000E+00  0.000E+00  5.001E-03  1.303E+01 -1.569E-07 -3.137E-03  6.183E-01 1.298E+01
    32 1.874448E+00 1.964236E+01     3 1.000E+00 1.398140E+05 1.398140E+05  5.50168E-03  1.24201E+01 5.502E-03 1.304E+01  0.000E+00  0.000E+00  5.502E-03  1.304E+01 -1.725E-07 -3.136E-03  6.183E-01 1.298E+01
    33 2.061892E+00 2.170425E+01     3 1.000E+00 1.398140E+05 1.398140E+05  6.05184E-03  1.24262E+01 6.052E-03 1.304E+01  0.000E+00  0.000E+00  6.052E-03  1.304E+01 -1.897E-07 -3.134E-03  6.183E-01 1.298E+01
    34 2.268081E+00 2.397233E+01     3 1.000E+00 1.398140E+05 1.398140E+05  6.65703E-03  1.24328E+01 6.657E-03 1.305E+01  0.000E+00  0.000E+00  6.657E-03  1.305E+01 -2.086E-07 -3.133E-03  6.183E-01 1.298E+01
    35 2.494890E+00 2.646722E+01     3 1.000E+00 1.398140E+05 1.398140E+05  7.32273E-03  1.24402E+01 7.323E-03 1.306E+01  0.000E+00  0.000E+00  7.323E-03  1.306E+01 -2.293E-07 -3.131E-03  6.183E-01 1.298E+01
    36 2.744379E+00 2.921160E+01     3 1.000E+00 1.398140E+05 1.398141E+05  8.05500E-03  1.24482E+01 8.055E-03 1.307E+01  0.000E+00  0.000E+00  8.055E-03  1.307E+01 -2.521E-07 -3.130E-03  6.183E-01 1.298E+01
    37 3.018816E+00 3.223042E+01     3 1.000E+00 1.398140E+05 1.398141E+05  8.86050E-03  1.24571E+01 8.860E-03 1.308E+01  0.000E+00  0.000E+00  8.860E-03  1.308E+01 -2.771E-07 -3.128E-03  6.183E-01 1.298E+01
    38 3.320698E+00 3.555112E+01     3 1.000E+00 1.398140E+05 1.398141E+05  9.74655E-03  1.24668E+01 9.746E-03 1.309E+01  0.000E+00  0.000E+00  9.746E-03  1.309E+01 -3.046E-07 -3.125E-03  6.183E-01 1.298E+01
    39 3.652768E+00 3.920388E+01     3 1.000E+00 1.398141E+05 1.398141E+05  1.07212E-02  1.24775E+01 1.072E-02 1.310E+01  0.000E+00  0.000E+00  1.072E-02  1.310E+01 -3.348E-07 -3.123E-03  6.183E-01 1.298E+01
    40 4.018045E+00 4.322193E+01     3 1.000E+00 1.398141E+05 1.398141E+05  1.17933E-02  1.24893E+01 1.179E-02 1.311E+01  0.000E+00  0.000E+00  1.179E-02  1.311E+01 -3.680E-07 -3.120E-03  6.183E-01 1.298E+01
    41 4.419849E+00 4.764178E+01     3 1.000E+00 1.398141E+05 1.398141E+05  1.29727E-02  1.25023E+01 1.297E-02 1.312E+01  0.000E+00  0.000E+00  1.297E-02  1.312E+01 -4.044E-07 -3.118E-03  6.183E-01 1.298E+01
    42 4.861834E+00 5.250361E+01     3 1.000E+00 1.398141E+05 1.398141E+05  1.42699E-02  1.25166E+01 1.427E-02 1.313E+01  0.000E+00  0.000E+00  1.427E-02  1.313E+01 -4.444E-07 -3.114E-03  6.183E-01 1.298E+01
    43 5.348018E+00 5.785163E+01     3 1.000E+00 1.398141E+05 1.398141E+05  1.56969E-02  1.25323E+01 1.570E-02 1.315E+01  0.000E+00  0.000E+00  1.570E-02  1.315E+01 -4.883E-07 -3.111E-03  6.183E-01 1.298E+01
    44 5.882819E+00 6.373445E+01     3 1.000E+00 1.398141E+05 1.398142E+05  1.72666E-02  1.25495E+01 1.727E-02 1.317E+01  0.000E+00  0.000E+00  1.727E-02  1.317E+01 -5.365E-07 -3.107E-03  6.183E-01 1.298E+01
    45 6.471101E+00 7.020555E+01     3 1.000E+00 1.398142E+05 1.398142E+05  1.89933E-02  1.25685E+01 1.899E-02 1.319E+01  0.000E+00  0.000E+00  1.899E-02  1.319E+01 -5.894E-07 -3.103E-03  6.183E-01 1.298E+01
    46 7.118211E+00 7.732376E+01     3 1.000E+00 1.398142E+05 1.398142E+05  2.08926E-02  1.25894E+01 2.089E-02 1.321E+01  0.000E+00  0.000E+00  2.089E-02  1.321E+01 -6.474E-07 -3.099E-03  6.183E-01 1.298E+01
    47 7.830032E+00 8.515379E+01     3 1.000E+00 1.398142E+05 1.398142E+05  2.29819E-02  1.26124E+01 2.298E-02 1.323E+01  0.000E+00  0.000E+00  2.298E-02  1.323E+01 -7.111E-07 -3.094E-03  6.183E-01 1.298E+01
    48 8.613036E+00 9.376683E+01     3 1.000E+00 1.398142E+05 1.398142E+05  2.52800E-02  1.26377E+01 2.528E-02 1.326E+01  0.000E+00  0.000E+00  2.528E-02  1.326E+01 -7.809E-07 -3.089E-03  6.183E-01 1.298E+01
    49 9.474339E+00 1.032412E+02     3 1.000E+00 1.398142E+05 1.398143E+05  2.78080E-02  1.26655E+01 2.781E-02 1.328E+01  0.000E+00  0.000E+00  2.781E-02  1.328E+01 -8.576E-07 -3.084E-03  6.183E-01 1.298E+01
    50 1.042177E+01 1.136629E+02     3 1.000E+00 1.398143E+05 1.398143E+05  3.05888E-02  1.26961E+01 3.059E-02 1.331E+01  0.000E+00  0.000E+00  3.059E-02  1.331E+01 -9.417E-07 -3.079E-03  6.183E-01 1.298E+01
    51 1.146395E+01 1.251269E+02     4 1.000E+00 1.398143E+05 1.398143E+05  3.36477E-02  1.27297E+01 3.365E-02 1.335E+01  0.000E+00  0.000E+00  3.365E-02  1.335E+01 -1.030E-06 -3.061E-03  6.183E-01 1.298E+01
    52 1.261035E+01 1.377372E+02     4 1.000E+00 1.398143E+05 1.398144E+05  3.70125E-02  1.27668E+01 3.701E-02 1.339E+01  0.000E+00  0.000E+00  3.701E-02  1.339E+01 -1.129E-06 -3.051E-03  6.183E-01 1.298E+01
    53 1.387138E+01 1.516086E+02     4 1.000E+00 1.398144E+05 1.398144E+05  4.07137E-02  1.28075E+01 4.071E-02 1.343E+01  0.000E+00  0.000E+00  4.071E-02  1.343E+01 -1.238E-06 -3.040E-03  6.183E-01 1.298E+01
    54 1.525852E+01 1.668671E+02     4 1.000E+00 1.398144E+05 1.398145E+05  4.47851E-02  1.28523E+01 4.478E-02 1.347E+01  0.000E+00  0.000E+00  4.478E-02  1.347E+01 -1.356E-06 -3.028E-03  6.183E-01 1.298E+01
    55 1.678437E+01 1.836515E+02     4 1.000E+00 1.398145E+05 1.398145E+05  4.92636E-02  1.29015E+01 4.926E-02 1.352E+01  0.000E+00  0.000E+00  4.926E-02  1.352E+01 -1.485E-06 -3.015E-03  6.183E-01 1.298E+01
    56 1.846281E+01 2.021143E+02     4 1.000E+00 1.398145E+05 1.398146E+05  5.41900E-02  1.29557E+01 5.419E-02 1.357E+01  0.000E+00  0.000E+00  5.419E-02  1.357E+01 -1.625E-06 -3.000E-03  6.183E-01 1.298E+01
    57 2.030909E+01 2.224234E+02     4 1.000E+00 1.398146E+05 1.398146E+05  5.96089E-02  1.30153E+01 5.961E-02 1.363E+01  0.000E+00  0.000E+00  5.961E-02  1.363E+01 -1.778E-06 -2.983E-03  6.183E-01 1.298E+01
    58 2.234000E+01 2.447634E+02     4 1.000E+00 1.398147E+05 1.398147E+05  6.55698E-02  1.30809E+01 6.557E-02 1.370E+01  0.000E+00  0.000E+00  6.557E-02  1.370E+01 -1.943E-06 -2.963E-03  6.183E-01 1.298E+01
    59 2.457400E+01 2.693374E+02     5 1.000E+00 1.398147E+05 1.398148E+05  7.21268E-02  1.31530E+01 7.212E-02 1.377E+01  0.000E+00  0.000E+00  7.212E-02  1.377E+01 -2.122E-06 -2.942E-03  6.183E-01 1.298E+01
    60 2.457400E+01 2.939114E+02     5 1.000E+00 1.398148E+05 1.398148E+05  7.21268E-02  1.32251E+01 7.212E-02 1.384E+01  0.000E+00  0.000E+00  7.212E-02  1.384E+01 -2.107E-06 -2.921E-03  6.183E-01 1.298E+01
    61 2.457400E+01 3.184854E+02     5 1.000E+00 1.398149E+05 1.398149E+05  7.21268E-02  1.32973E+01 7.212E-02 1.392E+01  0.000E+00  0.000E+00  7.212E-02  1.392E+01 -2.091E-06 -2.900E-03  6.183E-01 1.298E+01
    62 2.457400E+01 3.430594E+02     5 1.000E+00 1.398150E+05 1.398150E+05  7.21268E-02  1.33694E+01 7.212E-02 1.399E+01  0.000E+00  0.000E+00  7.212E-02  1.399E+01 -2.076E-06 -2.878E-03  6.183E-01 1.298E+01
    63 2.457400E+01 3.676334E+02     5 1.000E+00 1.398150E+05 1.398151E+05  7.21267E-02  1.34415E+01 7.212E-02 1.406E+01  0.000E+00  0.000E+00  7.212E-02  1.406E+01 -2.059E-06 -2.855E-03  6.183E-01 1.298E+01
    64 2.457400E+01 3.922074E+02     5 1.000E+00 1.398151E+05 1.398151E+05  7.21267E-02  1.35136E+01 7.212E-02 1.413E+01  0.000E+00  0.000E+00  7.212E-02  1.413E+01 -2.043E-06 -2.833E-03  6.183E-01 1.298E+01
    65 2.457400E+01 4.167814E+02     5 1.000E+00 1.398152E+05 1.398152E+05  7.21267E-02  1.35858E+01 7.212E-02 1.420E+01  0.000E+00  0.000E+00  7.212E-02  1.420E+01 -2.026E-06 -2.810E-03  6.183E-01 1.298E+01
    66 2.457400E+01 4.413554E+02     5 1.000E+00 1.398152E+05 1.398153E+05  7.21267E-02  1.36579E+01 7.212E-02 1.428E+01  0.000E+00  0.000E+00  7.212E-02  1.428E+01 -2.009E-06 -2.786E-03  6.183E-01 1.298E+01
    67 2.457400E+01 4.659294E+02     5 1.000E+00 1.398153E+05 1.398153E+05  7.21267E-02  1.37300E+01 7.212E-02 1.435E+01  0.000E+00  0.000E+00  7.212E-02  1.435E+01 -1.992E-06 -2.762E-03  6.183E-01 1.298E+01
    68 2.457400E+01 4.905034E+02     5 1.000E+00 1.398154E+05 1.398154E+05  7.21267E-02  1.38022E+01 7.212E-02 1.442E+01  0.000E+00  0.000E+00  7.212E-02  1.442E+01 -1.975E-06 -2.738E-03  6.183E-01 1.298E+01
    69 2.457400E+01 5.150774E+02     5 1.000E+00 1.398155E+05 1.398155E+05  7.21266E-02  1.38743E+01 7.212E-02 1.449E+01  0.000E+00  0.000E+00  7.212E-02  1.449E+01 -1.957E-06 -2.713E-03  6.183E-01 1.298E+01
    70 2.457400E+01 5.396513E+02     5 1.000E+00 1.398155E+05 1.398156E+05  7.21266E-02  1.39464E+01 7.212E-02 1.456E+01  0.000E+00  0.000E+00  7.212E-02  1.456E+01 -1.939E-06 -2.689E-03  6.183E-01 1.298E+01
    71 2.457400E+01 5.642253E+02     5 1.000E+00 1.398156E+05 1.398156E+05  7.21266E-02  1.40185E+01 7.212E-02 1.464E+01  0.000E+00  0.000E+00  7.212E-02  1.464E+01 -1.921E-06 -2.664E-03  6.183E-01 1.298E+01
    72 2.457400E+01 5.887993E+02     5 1.000E+00 1.398157E+05 1.398157E+05  7.21266E-02  1.40907E+01 7.212E-02 1.471E+01  0.000E+00  0.000E+00  7.212E-02  1.471E+01 -1.903E-06 -2.638E-03  6.183E-01 1.298E+01
    73 2.457400E+01 6.133733E+02     5 1.000E+00 1.398157E+05 1.398158E+05  7.21266E-02  1.41628E+01 7.212E-02 1.478E+01  0.000E+00  0.000E+00  7.212E-02  1.478E+01 -1.884E-06 -2.613E-03  6.183E-01 1.298E+01
    74 2.457400E+01 6.379473E+02     5 1.000E+00 1.398158E+05 1.398158E+05  7.21265E-02  1.42349E+01 7.212E-02 1.485E+01  0.000E+00  0.000E+00  7.212E-02  1.485E+01 -1.866E-06 -2.587E-03  6.183E-01 1.298E+01
    75 2.457400E+01 6.625213E+02     5 1.000E+00 1.398159E+05 1.398159E+05  7.21265E-02  1.43070E+01 7.212E-02 1.493E+01  0.000E+00  0.000E+00  7.212E-02  1.493E+01 -1.847E-06 -2.561E-03  6.183E-01 1.298E+01
    76 2.457400E+01 6.870953E+02     4 1.000E+00 1.398160E+05 1.398160E+05  7.21265E-02  1.43792E+01 7.212E-02 1.500E+01  0.000E+00  0.000E+00  7.212E-02  1.500E+01 -1.829E-06 -2.535E-03  6.183E-01 1.298E+01
    77 2.703140E+01 7.141267E+02     5 1.000E+00 1.398160E+05 1.398161E+05  7.93391E-02  1.44585E+01 7.934E-02 1.508E+01  0.000E+00  0.000E+00  7.934E-02  1.508E+01 -1.987E-06 -2.505E-03  6.183E-01 1.298E+01
    78 2.703140E+01 7.411581E+02     5 1.000E+00 1.398161E+05 1.398161E+05  7.93391E-02  1.45378E+01 7.934E-02 1.516E+01  0.000E+00  0.000E+00  7.934E-02  1.516E+01 -1.964E-06 -2.476E-03  6.182E-01 1.298E+01
    79 2.703140E+01 7.681895E+02     5 1.000E+00 1.398162E+05 1.398162E+05  7.93391E-02  1.46172E+01 7.934E-02 1.524E+01  0.000E+00  0.000E+00  7.934E-02  1.524E+01 -1.941E-06 -2.447E-03  6.182E-01 1.298E+01
    80 2.703140E+01 7.952209E+02     5 1.000E+00 1.398163E+05 1.398163E+05  7.93391E-02  1.46965E+01 7.934E-02 1.531E+01  0.000E+00  0.000E+00  7.934E-02  1.531E+01 -1.918E-06 -2.418E-03  6.182E-01 1.298E+01
    81 2.703140E+01 8.222523E+02     4 1.000E+00 1.398164E+05 1.398164E+05  7.93390E-02  1.47759E+01 7.934E-02 1.539E+01  0.000E+00  0.000E+00  7.934E-02  1.539E+01 -1.896E-06 -2.389E-03  6.182E-01 1.298E+01
    82 2.973454E+01 8.519868E+02     5 1.000E+00 1.398164E+05 1.398165E+05  8.72729E-02  1.48631E+01 8.727E-02 1.548E+01  0.000E+00  0.000E+00  8.727E-02  1.548E+01 -2.056E-06 -2.355E-03  6.182E-01 1.298E+01
    83 2.973454E+01 8.817214E+02     5 1.000E+00 1.398165E+05 1.398166E+05  8.72729E-02  1.49504E+01 8.727E-02 1.557E+01  0.000E+00  0.000E+00  8.727E-02  1.557E+01 -2.028E-06 -2.323E-03  6.182E-01 1.298E+01
    84 2.973454E+01 9.114559E+02     5 1.000E+00 1.398166E+05 1.398166E+05  8.72729E-02  1.50377E+01 8.727E-02 1.566E+01  0.000E+00  0.000E+00  8.727E-02  1.566E+01 -2.000E-06 -2.291E-03  6.182E-01 1.298E+01
    85 2.973454E+01 9.411904E+02     5 1.000E+00 1.398167E+05 1.398167E+05  8.72728E-02  1.51250E+01 8.727E-02 1.574E+01  0.000E+00  0.000E+00  8.727E-02  1.574E+01 -1.972E-06 -2.259E-03  6.182E-01 1.298E+01
    86 2.973454E+01 9.709250E+02     4 1.000E+00 1.398168E+05 1.398168E+05  8.72728E-02  1.52122E+01 8.727E-02 1.583E+01  0.000E+00  0.000E+00  8.727E-02  1.583E+01 -1.945E-06 -2.228E-03  6.182E-01 1.298E+01
    87 3.270799E+01 1.003633E+03     5 1.000E+00 1.398169E+05 1.398169E+05  9.60000E-02  1.53082E+01 9.600E-02 1.593E+01  0.000E+00  0.000E+00  9.600E-02  1.593E+01 -2.103E-06 -2.191E-03  6.182E-01 1.298E+01
    88 3.270799E+01 1.036341E+03     5 1.000E+00 1.398170E+05 1.398170E+05  9.60000E-02  1.54042E+01 9.600E-02 1.602E+01  0.000E+00  0.000E+00  9.600E-02  1.602E+01 -2.070E-06 -2.156E-03  6.182E-01 1.298E+01
    89 3.270799E+01 1.069049E+03     5 1.000E+00 1.398171E+05 1.398171E+05  9.60000E-02  1.55002E+01 9.600E-02 1.612E+01  0.000E+00  0.000E+00  9.600E-02  1.612E+01 -2.036E-06 -2.121E-03  6.182E-01 1.298E+01
    90 3.270799E+01 1.101757E+03     5 1.000E+00 1.398172E+05 1.398172E+05  9.59999E-02  1.55962E+01 9.600E-02 1.621E+01  0.000E+00  0.000E+00  9.600E-02  1.621E+01 -2.003E-06 -2.087E-03  6.182E-01 1.298E+01
    91 3.270799E+01 1.134465E+03     4 1.000E+00 1.398173E+05 1.398173E+05  9.59999E-02  1.56922E+01 9.600E-02 1.631E+01  0.000E+00  0.000E+00  9.600E-02  1.631E+01 -1.972E-06 -2.054E-03  6.182E-01 1.298E+01
    92 3.597879E+01 1.170444E+03     5 1.000E+00 1.398174E+05 1.398174E+05  1.05600E-01  1.57978E+01 1.056E-01 1.642E+01  0.000E+00  0.000E+00  1.056E-01  1.642E+01 -2.126E-06 -2.014E-03  6.182E-01 1.298E+01
    93 3.597879E+01 1.206422E+03     5 1.000E+00 1.398175E+05 1.398175E+05  1.05600E-01  1.59034E+01 1.056E-01 1.652E+01  0.000E+00  0.000E+00  1.056E-01  1.652E+01 -2.087E-06 -1.977E-03  6.182E-01 1.298E+01
    94 3.597879E+01 1.242401E+03     5 1.000E+00 1.398176E+05 1.398176E+05  1.05600E-01  1.60090E+01 1.056E-01 1.663E+01  0.000E+00  0.000E+00  1.056E-01  1.663E+01 -2.049E-06 -1.940E-03  6.182E-01 1.298E+01
    95 3.597879E+01 1.278380E+03     5 1.000E+00 1.398177E+05 1.398177E+05  1.05600E-01  1.61146E+01 1.056E-01 1.673E+01  0.000E+00  0.000E+00  1.056E-01  1.673E+01 -2.010E-06 -1.904E-03  6.182E-01 1.298E+01
    96 3.597879E+01 1.314359E+03     5 1.000E+00 1.398178E+05 1.398178E+05  1.05600E-01  1.62202E+01 1.056E-01 1.684E+01  0.000E+00  0.000E+00  1.056E-01  1.684E+01 -1.972E-06 -1.868E-03  6.182E-01 1.298E+01
    97 3.597879E+01 1.350338E+03     4 1.000E+00 1.398179E+05 1.398179E+05  1.05600E-01  1.63258E+01 1.056E-01 1.694E+01  0.000E+00  0.000E+00  1.056E-01  1.694E+01 -1.937E-06 -1.834E-03  6.182E-01 1.298E+01
    98 3.957667E+01 1.389914E+03     5 1.000E+00 1.398180E+05 1.398181E+05  1.16160E-01  1.64420E+01 1.162E-01 1.706E+01  0.000E+00  0.000E+00  1.162E-01  1.706E+01 -2.082E-06 -1.792E-03  6.182E-01 1.298E+01
    99 3.957667E+01 1.429491E+03     5 1.000E+00 1.398181E+05 1.398182E+05  1.16160E-01  1.65581E+01 1.162E-01 1.718E+01  0.000E+00  0.000E+00  1.162E-01  1.718E+01 -2.037E-06 -1.754E-03  6.182E-01 1.298E+01
   100 3.957667E+01 1.469068E+03     5 1.000E+00 1.398183E+05 1.398183E+05  1.16160E-01  1.66743E+01 1.162E-01 1.729E+01  0.000E+00  0.000E+00  1.162E-01  1.729E+01 -1.994E-06 -1.716E-03  6.182E-01 1.298E+01
   101 3.957667E+01 1.508644E+03     5 1.000E+00 1.398184E+05 1.398184E+05  1.16159E-01  1.67905E+01 1.162E-01 1.741E+01  0.000E+00  0.000E+00  1.162E-01  1.741E+01 -1.950E-06 -1.679E-03  6.182E-01 1.298E+01
   102 3.957667E+01 1.548221E+03     5 1.000E+00 1.398185E+05 1.398185E+05  1.16159E-01  1.69066E+01 1.162E-01 1.752E+01  0.000E+00  0.000E+00  1.162E-01  1.752E+01 -1.908E-06 -1.643E-03  6.182E-01 1.298E+01
   103 3.957667E+01 1.587798E+03     5 1.000E+00 1.398186E+05 1.398186E+05  1.16159E-01  1.70228E+01 1.162E-01 1.764E+01  0.000E+00  0.000E+00  1.162E-01  1.764E+01 -1.866E-06 -1.606E-03  6.182E-01 1.298E+01
   104 3.957667E+01 1.627374E+03     5 1.000E+00 1.398187E+05 1.398187E+05  1.16159E-01  1.71389E+01 1.162E-01 1.776E+01  0.000E+00  0.000E+00  1.162E-01  1.776E+01 -1.825E-06 -1.571E-03  6.182E-01 1.298E+01
   105 3.957667E+01 1.666951E+03     4 1.000E+00 1.398188E+05 1.398189E+05  1.16159E-01  1.72551E+01 1.162E-01 1.787E+01  0.000E+00  0.000E+00  1.162E-01  1.787E+01 -1.787E-06 -1.538E-03  6.182E-01 1.298E+01
   106 4.353433E+01 1.710485E+03     5 1.000E+00 1.398190E+05 1.398190E+05  1.27775E-01  1.73829E+01 1.278E-01 1.800E+01  0.000E+00  0.000E+00  1.278E-01  1.800E+01 -1.911E-06 -1.496E-03  6.182E-01 1.298E+01
   107 4.353433E+01 1.754020E+03     5 1.000E+00 1.398191E+05 1.398191E+05  1.27775E-01  1.75106E+01 1.278E-01 1.813E+01  0.000E+00  0.000E+00  1.278E-01  1.813E+01 -1.864E-06 -1.459E-03  6.182E-01 1.298E+01
   108 4.353433E+01 1.797554E+03     5 1.000E+00 1.398192E+05 1.398192E+05  1.27775E-01  1.76384E+01 1.278E-01 1.826E+01  0.000E+00  0.000E+00  1.278E-01  1.826E+01 -1.817E-06 -1.422E-03  6.182E-01 1.298E+01
   109 4.353433E+01 1.841088E+03     5 1.000E+00 1.398193E+05 1.398194E+05  1.27775E-01  1.77662E+01 1.278E-01 1.838E+01  0.000E+00  0.000E+00  1.278E-01  1.838E+01 -1.771E-06 -1.386E-03  6.182E-01 1.298E+01
   110 4.353433E+01 1.884623E+03     5 1.000E+00 1.398195E+05 1.398195E+05  1.27775E-01  1.78940E+01 1.278E-01 1.851E+01  0.000E+00  0.000E+00  1.278E-01  1.851E+01 -1.725E-06 -1.350E-03  6.182E-01 1.298E+01
   111 4.353433E+01 1.928157E+03     5 1.000E+00 1.398196E+05 1.398196E+05  1.27775E-01  1.80217E+01 1.278E-01 1.864E+01  0.000E+00  0.000E+00  1.278E-01  1.864E+01 -1.680E-06 -1.315E-03  6.182E-01 1.298E+01
   112 4.353433E+01 1.971691E+03     5 1.000E+00 1.398197E+05 1.398198E+05  1.27775E-01  1.81495E+01 1.278E-01 1.877E+01  0.000E+00  0.000E+00  1.278E-01  1.877E+01 -1.636E-06 -1.281E-03  6.182E-01 1.298E+01
   113 4.353433E+01 2.015226E+03     5 1.000E+00 1.398199E+05 1.398199E+05  1.27775E-01  1.82773E+01 1.278E-01 1.890E+01  0.000E+00  0.000E+00  1.278E-01  1.890E+01 -1.593E-06 -1.247E-03  6.182E-01 1.298E+01
   114 4.353433E+01 2.058760E+03     5 1.000E+00 1.398200E+05 1.398200E+05  1.27775E-01  1.84051E+01 1.278E-01 1.902E+01  0.000E+00  0.000E+00  1.278E-01  1.902E+01 -1.550E-06 -1.213E-03  6.182E-01 1.298E+01
   115 4.353433E+01 2.102294E+03     5 1.000E+00 1.398201E+05 1.398201E+05  1.27775E-01  1.85328E+01 1.278E-01 1.915E+01  0.000E+00  0.000E+00  1.278E-01  1.915E+01 -1.508E-06 -1.180E-03  6.182E-01 1.298E+01
   116 4.353433E+01 2.145829E+03     4 1.000E+00 1.398202E+05 1.398203E+05  1.27775E-01  1.86606E+01 1.278E-01 1.928E+01  0.000E+00  0.000E+00  1.278E-01  1.928E+01 -1.470E-06 -1.151E-03  6.182E-01 1.298E+01
   117 4.788777E+01 2.193716E+03     5 1.000E+00 1.398204E+05 1.398204E+05  1.40552E-01  1.88012E+01 1.406E-01 1.942E+01  0.000E+00  0.000E+00  1.406E-01  1.942E+01 -1.561E-06 -1.111E-03  6.182E-01 1.298E+01
   118 4.788777E+01 2.241604E+03     5 1.000E+00 1.398205E+05 1.398206E+05  1.40552E-01  1.89417E+01 1.406E-01 1.956E+01  0.000E+00  0.000E+00  1.406E-01  1.956E+01 -1.513E-06 -1.076E-03  6.182E-01 1.298E+01
   119 4.788777E+01 2.289492E+03     5 1.000E+00 1.398207E+05 1.398207E+05  1.40552E-01  1.90823E+01 1.406E-01 1.970E+01  0.000E+00  0.000E+00  1.406E-01  1.970E+01 -1.465E-06 -1.042E-03  6.182E-01 1.298E+01
   120 4.788777E+01 2.337380E+03     5 1.000E+00 1.398208E+05 1.398208E+05  1.40552E-01  1.92228E+01 1.406E-01 1.984E+01  0.000E+00  0.000E+00  1.406E-01  1.984E+01 -1.418E-06 -1.009E-03  6.182E-01 1.298E+01
