     1 9.765625E-02 9.765625E-02     0  0.00000E+000  0.00000E+000 -0.00000E+000  0.00000E+000 -0.00000E+000  0.00000E+000  0.00000E+000  0.00000E+000  0.00000E+000  0.00000E+000  0.00000E+000
     2 1.074219E-01 2.050781E-01     0  0.00000E+000  0.00000E+000 -0.00000E+000  0.00000E+000 -0.00000E+000  0.00000E+000  0.00000E+000  0.00000E+000  0.00000E+000  0.00000E+000  0.00000E+000
     3 1.181641E-01 3.232422E-01     0  0.00000E+000  0.00000E+000 -0.00000E+000  0.00000E+000 -0.00000E+000  0.00000E+000  0.00000E+000  0.00000E+000  0.00000E+000  0.00000E+000  0.00000E+000
     4 1.299805E-01 4.532227E-01     0  0.00000E+000  0.00000E+000 -0.00000E+000  0.00000E+000 -0.00000E+000  0.00000E+000  0.00000E+000  0.00000E+000  0.00000E+000  0.00000E+000  0.00000E+000
     5 1.429785E-01 5.962012E-01     0  0.00000E+000  0.00000E+000 -0.00000E+000  0.00000E+000 -0.00000E+000  0.00000E+000  0.00000E+000  0.00000E+000  0.00000E+000  0.00000E+000  0.00000E+000
     6 1.572764E-01 7.534775E-01     0  0.00000E+000  0.00000E+000 -0.00000E+000  0.00000E+000 -0.00000E+000  0.00000E+000  0.00000E+000  0.00000E+000  0.00000E+000  0.00000E+000  0.00000E+000
     7 1.730040E-01 9.264815E-01     0  0.00000E+000  0.00000E+000 -0.00000E+000  0.00000E+000 -0.00000E+000  0.00000E+000  0.00000E+000  0.00000E+000  0.00000E+000  0.00000E+000  0.00000E+000
     8 1.903044E-01 1.116786E+00     0  0.00000E+000  0.00000E+000 -0.00000E+000  0.00000E+000 -0.00000E+000  0.00000E+000  0.00000E+000  0.00000E+000  0.00000E+000  0.00000E+000  0.00000E+000
     9 2.093348E-01 1.326121E+00     0  0.00000E+000  0.00000E+000 -0.00000E+000  0.00000E+000 -0.00000E+000  0.00000E+000  0.00000E+000  0.00000E+000  0.00000E+000  0.00000E+000  0.00000E+000
    10 2.302683E-01 1.556389E+00     0  0.00000E+000  0.00000E+000 -0.00000E+000  0.00000E+000 -0.00000E+000  0.00000E+000  0.00000E+000  0.00000E+000  0.00000E+000  0.00000E+000  0.00000E+000
    11 2.532952E-01 1.809684E+00     0  0.00000E+000  0.00000E+000 -0.00000E+000  0.00000E+000 -0.00000E+000  0.00000E+000  0.00000E+000  0.00000E+000  0.00000E+000  0.00000E+000  0.00000E+000
    12 2.786247E-01 2.088309E+00     0  0.00000E+000  0.00000E+000 -0.00000E+000  0.00000E+000 -0.00000E+000  0.00000E+000  0.00000E+000  0.00000E+000  0.00000E+000  0.00000E+000  0.00000E+000
    13 3.064871E-01 2.394796E+00     0  0.00000E+000  0.00000E+000 -0.00000E+000  0.00000E+000 -0.00000E+000  0.00000E+000  0.00000E+000  0.00000E+000  0.00000E+000  0.00000E+000  0.00000E+000
    14 3.371359E-01 2.731932E+00     0  0.00000E+000  0.00000E+000 -0.00000E+000  0.00000E+000 -0.00000E+000  0.00000E+000  0.00000E+000  0.00000E+000  0.00000E+000  0.00000E+000  0.00000E+000
    15 3.708494E-01 3.102781E+00     0  0.00000E+000  0.00000E+000 -0.00000E+000  0.00000E+000 -0.00000E+000  0.00000E+000  0.00000E+000  0.00000E+000  0.00000E+000  0.00000E+000  0.00000E+000
    16 4.079344E-01 3.510716E+00     0  0.00000E+000  0.00000E+000 -0.00000E+000  0.00000E+000 -0.00000E+000  0.00000E+000  0.00000E+000  0.00000E+000  0.00000E+000  0.00000E+000  0.00000E+000
    17 4.487278E-01 3.959444E+00     0  0.00000E+000  0.00000E+000 -0.00000E+000  0.00000E+000 -0.00000E+000  0.00000E+000  0.00000E+000  0.00000E+000  0.00000E+000  0.00000E+000  0.00000E+000
    18 4.936006E-01 4.453044E+00     0  0.00000E+000  0.00000E+000 -0.00000E+000  0.00000E+000 -0.00000E+000  0.00000E+000  0.00000E+000  0.00000E+000  0.00000E+000  0.00000E+000  0.00000E+000
    19 5.429607E-01 4.996005E+00     0  0.00000E+000  0.00000E+000 -0.00000E+000  0.00000E+000 -0.00000E+000  0.00000E+000  0.00000E+000  0.00000E+000  0.00000E+000  0.00000E+000  0.00000E+000
    20 5.972567E-01 5.593262E+00     0  0.00000E+000  0.00000E+000 -0.00000E+000  0.00000E+000 -0.00000E+000  0.00000E+000  0.00000E+000  0.00000E+000  0.00000E+000  0.00000E+000  0.00000E+000
    21 6.569824E-01 6.250244E+00     0  0.00000E+000  0.00000E+000 -0.00000E+000  0.00000E+000 -0.00000E+000  0.00000E+000  0.00000E+000  0.00000E+000  0.00000E+000  0.00000E+000  0.00000E+000
    22 7.226807E-01 6.972925E+00     0  0.00000E+000  0.00000E+000 -0.00000E+000  0.00000E+000 -0.00000E+000  0.00000E+000  0.00000E+000  0.00000E+000  0.00000E+000  0.00000E+000  0.00000E+000
    23 7.949487E-01 7.767873E+00     0  0.00000E+000  0.00000E+000 -0.00000E+000  0.00000E+000 -0.00000E+000  0.00000E+000  0.00000E+000  0.00000E+000  0.00000E+000  0.00000E+000  0.00000E+000
    24 8.744436E-01 8.642317E+00     0  0.00000E+000  0.00000E+000 -0.00000E+000  0.00000E+000 -0.00000E+000  0.00000E+000  0.00000E+000  0.00000E+000  0.00000E+000  0.00000E+000  0.00000E+000
    25 9.618880E-01 9.604205E+00     0  0.00000E+000  0.00000E+000 -0.00000E+000  0.00000E+000 -0.00000E+000  0.00000E+000  0.00000E+000  0.00000E+000  0.00000E+000  0.00000E+000  0.00000E+000
    26 1.058077E+00 1.066228E+01     0  0.00000E+000  0.00000E+000 -0.00000E+000  0.00000E+000 -0.00000E+000  0.00000E+000  0.00000E+000  0.00000E+000  0.00000E+000  0.00000E+000  0.00000E+000
    27 1.163884E+00 1.182617E+01     0  0.00000E+000  0.00000E+000 -0.00000E+000  0.00000E+000 -0.00000E+000  0.00000E+000  0.00000E+000  0.00000E+000  0.00000E+000  0.00000E+000  0.00000E+000
    28 1.280273E+00 1.310644E+01     0  0.00000E+000  0.00000E+000 -0.00000E+000  0.00000E+000 -0.00000E+000  0.00000E+000  0.00000E+000  0.00000E+000  0.00000E+000  0.00000E+000  0.00000E+000
    29 1.408300E+00 1.451474E+01     0  0.00000E+000  0.00000E+000 -0.00000E+000  0.00000E+000 -0.00000E+000  0.00000E+000  0.00000E+000  0.00000E+000  0.00000E+000  0.00000E+000  0.00000E+000
    30 1.549130E+00 1.606387E+01     0  0.00000E+000  0.00000E+000 -0.00000E+000  0.00000E+000 -0.00000E+000  0.00000E+000  0.00000E+000  0.00000E+000  0.00000E+000  0.00000E+000  0.00000E+000
    31 1.704043E+00 1.776791E+01     0  0.00000E+000  0.00000E+000 -0.00000E+000  0.00000E+000 -0.00000E+000  0.00000E+000  0.00000E+000  0.00000E+000  0.00000E+000  0.00000E+000  0.00000E+000
    32 1.874448E+00 1.964236E+01     0  0.00000E+000  0.00000E+000 -0.00000E+000  0.00000E+000 -0.00000E+000  0.00000E+000  0.00000E+000  0.00000E+000  0.00000E+000  0.00000E+000  0.00000E+000
    33 2.061892E+00 2.170425E+01     0  0.00000E+000  0.00000E+000 -0.00000E+000  0.00000E+000 -0.00000E+000  0.00000E+000  0.00000E+000  0.00000E+000  0.00000E+000  0.00000E+000  0.00000E+000
    34 2.268081E+00 2.397233E+01     0  0.00000E+000  0.00000E+000 -0.00000E+000  0.00000E+000 -0.00000E+000  0.00000E+000  0.00000E+000  0.00000E+000  0.00000E+000  0.00000E+000  0.00000E+000
    35 2.494890E+00 2.646722E+01     0  0.00000E+000  0.00000E+000 -0.00000E+000  0.00000E+000 -0.00000E+000  0.00000E+000  0.00000E+000  0.00000E+000  0.00000E+000  0.00000E+000  0.00000E+000
    36 2.744379E+00 2.921160E+01     0  0.00000E+000  0.00000E+000 -0.00000E+000  0.00000E+000 -0.00000E+000  0.00000E+000  0.00000E+000  0.00000E+000  0.00000E+000  0.00000E+000  0.00000E+000
    37 3.018816E+00 3.223042E+01     0  0.00000E+000  0.00000E+000 -0.00000E+000  0.00000E+000 -0.00000E+000  0.00000E+000  0.00000E+000  0.00000E+000  0.00000E+000  0.00000E+000  0.00000E+000
    38 3.320698E+00 3.555112E+01     0  0.00000E+000  0.00000E+000 -0.00000E+000  0.00000E+000 -0.00000E+000  0.00000E+000  0.00000E+000  0.00000E+000  0.00000E+000  0.00000E+000  0.00000E+000
    39 3.652768E+00 3.920388E+01     0  0.00000E+000  0.00000E+000 -0.00000E+000  0.00000E+000 -0.00000E+000  0.00000E+000  0.00000E+000  0.00000E+000  0.00000E+000  0.00000E+000  0.00000E+000
    40 4.018045E+00 4.322193E+01     0  0.00000E+000  0.00000E+000 -0.00000E+000  0.00000E+000 -0.00000E+000  0.00000E+000  0.00000E+000  0.00000E+000  0.00000E+000  0.00000E+000  0.00000E+000
    41 4.419849E+00 4.764178E+01     0  0.00000E+000  0.00000E+000 -0.00000E+000  0.00000E+000 -0.00000E+000  0.00000E+000  0.00000E+000  0.00000E+000  0.00000E+000  0.00000E+000  0.00000E+000
    42 4.861834E+00 5.250361E+01     0  0.00000E+000  0.00000E+000 -0.00000E+000  0.00000E+000 -0.00000E+000  0.00000E+000  0.00000E+000  0.00000E+000  0.00000E+000  0.00000E+000  0.00000E+000
    43 5.348018E+00 5.785163E+01     0  0.00000E+000  0.00000E+000 -0.00000E+000  0.00000E+000 -0.00000E+000  0.00000E+000  0.00000E+000  0.00000E+000  0.00000E+000  0.00000E+000  0.00000E+000
    44 5.882819E+00 6.373445E+01     0  0.00000E+000  0.00000E+000 -0.00000E+000  0.00000E+000 -0.00000E+000  0.00000E+000  0.00000E+000  0.00000E+000  0.00000E+000  0.00000E+000  0.00000E+000
    45 6.471101E+00 7.020555E+01     0  0.00000E+000  0.00000E+000 -0.00000E+000  0.00000E+000 -0.00000E+000  0.00000E+000  0.00000E+000  0.00000E+000  0.00000E+000  0.00000E+000  0.00000E+000
    46 7.118211E+00 7.732376E+01     0  0.00000E+000  0.00000E+000 -0.00000E+000  0.00000E+000 -0.00000E+000  0.00000E+000  0.00000E+000  0.00000E+000  0.00000E+000  0.00000E+000  0.00000E+000
    47 7.830032E+00 8.515379E+01     0  0.00000E+000  0.00000E+000 -0.00000E+000  0.00000E+000 -0.00000E+000  0.00000E+000  0.00000E+000  0.00000E+000  0.00000E+000  0.00000E+000  0.00000E+000
    48 8.613036E+00 9.376683E+01     0  0.00000E+000  0.00000E+000 -0.00000E+000  0.00000E+000 -0.00000E+000  0.00000E+000  0.00000E+000  0.00000E+000  0.00000E+000  0.00000E+000  0.00000E+000
    49 9.474339E+00 1.032412E+02     0  0.00000E+000  0.00000E+000 -0.00000E+000  0.00000E+000 -0.00000E+000  0.00000E+000  0.00000E+000  0.00000E+000  0.00000E+000  0.00000E+000  0.00000E+000
    50 1.042177E+01 1.136629E+02     0  0.00000E+000  0.00000E+000 -0.00000E+000  0.00000E+000 -0.00000E+000  0.00000E+000  0.00000E+000  0.00000E+000  0.00000E+000  0.00000E+000  0.00000E+000
    51 1.146395E+01 1.251269E+02     0  0.00000E+000  0.00000E+000 -0.00000E+000  0.00000E+000 -0.00000E+000  0.00000E+000  0.00000E+000  0.00000E+000  0.00000E+000  0.00000E+000  0.00000E+000
    52 1.261035E+01 1.377372E+02     0  0.00000E+000  0.00000E+000 -0.00000E+000  0.00000E+000 -0.00000E+000  0.00000E+000  0.00000E+000  0.00000E+000  0.00000E+000  0.00000E+000  0.00000E+000
    53 1.387138E+01 1.516086E+02     0  0.00000E+000  0.00000E+000 -0.00000E+000  0.00000E+000 -0.00000E+000  0.00000E+000  0.00000E+000  0.00000E+000  0.00000E+000  0.00000E+000  0.00000E+000
    54 1.525852E+01 1.668671E+02     0  0.00000E+000  0.00000E+000 -0.00000E+000  0.00000E+000 -0.00000E+000  0.00000E+000  0.00000E+000  0.00000E+000  0.00000E+000  0.00000E+000  0.00000E+000
    55 1.678437E+01 1.836515E+02     0  0.00000E+000  0.00000E+000 -0.00000E+000  0.00000E+000 -0.00000E+000  0.00000E+000  0.00000E+000  0.00000E+000  0.00000E+000  0.00000E+000  0.00000E+000
    56 1.846281E+01 2.021143E+02     0  0.00000E+000  0.00000E+000 -0.00000E+000  0.00000E+000 -0.00000E+000  0.00000E+000  0.00000E+000  0.00000E+000  0.00000E+000  0.00000E+000  0.00000E+000
    57 2.030909E+01 2.224234E+02     0  0.00000E+000  0.00000E+000 -0.00000E+000  0.00000E+000 -0.00000E+000  0.00000E+000  0.00000E+000  0.00000E+000  0.00000E+000  0.00000E+000  0.00000E+000
    58 2.234000E+01 2.447634E+02     0  0.00000E+000  0.00000E+000 -0.00000E+000  0.00000E+000 -0.00000E+000  0.00000E+000  0.00000E+000  0.00000E+000  0.00000E+000  0.00000E+000  0.00000E+000
    59 2.457400E+01 2.693374E+02     0  0.00000E+000  0.00000E+000 -0.00000E+000  0.00000E+000 -0.00000E+000  0.00000E+000  0.00000E+000  0.00000E+000  0.00000E+000  0.00000E+000  0.00000E+000
    60 2.457400E+01 2.939114E+02     0  0.00000E+000  0.00000E+000 -0.00000E+000  0.00000E+000 -0.00000E+000  0.00000E+000  0.00000E+000  0.00000E+000  0.00000E+000  0.00000E+000  0.00000E+000
    61 2.457400E+01 3.184854E+02     0  0.00000E+000  0.00000E+000 -0.00000E+000  0.00000E+000 -0.00000E+000  0.00000E+000  0.00000E+000  0.00000E+000  0.00000E+000  0.00000E+000  0.00000E+000
    62 2.457400E+01 3.430594E+02     0  0.00000E+000  0.00000E+000 -0.00000E+000  0.00000E+000 -0.00000E+000  0.00000E+000  0.00000E+000  0.00000E+000  0.00000E+000  0.00000E+000  0.00000E+000
    63 2.457400E+01 3.676334E+02     0  0.00000E+000  0.00000E+000 -0.00000E+000  0.00000E+000 -0.00000E+000  0.00000E+000  0.00000E+000  0.00000E+000  0.00000E+000  0.00000E+000  0.00000E+000
    64 2.457400E+01 3.922074E+02     0  0.00000E+000  0.00000E+000 -0.00000E+000  0.00000E+000 -0.00000E+000  0.00000E+000  0.00000E+000  0.00000E+000  0.00000E+000  0.00000E+000  0.00000E+000
    65 2.457400E+01 4.167814E+02     0  0.00000E+000  0.00000E+000 -0.00000E+000  0.00000E+000 -0.00000E+000  0.00000E+000  0.00000E+000  0.00000E+000  0.00000E+000  0.00000E+000  0.00000E+000
    66 2.457400E+01 4.413554E+02     0  0.00000E+000  0.00000E+000 -0.00000E+000  0.00000E+000 -0.00000E+000  0.00000E+000  0.00000E+000  0.00000E+000  0.00000E+000  0.00000E+000  0.00000E+000
    67 2.457400E+01 4.659294E+02     0  0.00000E+000  0.00000E+000 -0.00000E+000  0.00000E+000 -0.00000E+000  0.00000E+000  0.00000E+000  0.00000E+000  0.00000E+000  0.00000E+000  0.00000E+000
    68 2.457400E+01 4.905034E+02     0  0.00000E+000  0.00000E+000 -0.00000E+000  0.00000E+000 -0.00000E+000  0.00000E+000  0.00000E+000  0.00000E+000  0.00000E+000  0.00000E+000  0.00000E+000
    69 2.457400E+01 5.150774E+02     0  0.00000E+000  0.00000E+000 -0.00000E+000  0.00000E+000 -0.00000E+000  0.00000E+000  0.00000E+000  0.00000E+000  0.00000E+000  0.00000E+000  0.00000E+000
    70 2.457400E+01 5.396513E+02     0  0.00000E+000  0.00000E+000 -0.00000E+000  0.00000E+000 -0.00000E+000  0.00000E+000  0.00000E+000  0.00000E+000  0.00000E+000  0.00000E+000  0.00000E+000
    71 2.457400E+01 5.642253E+02     0  0.00000E+000  0.00000E+000 -0.00000E+000  0.00000E+000 -0.00000E+000  0.00000E+000  0.00000E+000  0.00000E+000  0.00000E+000  0.00000E+000  0.00000E+000
    72 2.457400E+01 5.887993E+02     0  0.00000E+000  0.00000E+000 -0.00000E+000  0.00000E+000 -0.00000E+000  0.00000E+000  0.00000E+000  0.00000E+000  0.00000E+000  0.00000E+000  0.00000E+000
    73 2.457400E+01 6.133733E+02     0  0.00000E+000  0.00000E+000 -0.00000E+000  0.00000E+000 -0.00000E+000  0.00000E+000  0.00000E+000  0.00000E+000  0.00000E+000  0.00000E+000  0.00000E+000
    74 2.457400E+01 6.379473E+02     0  0.00000E+000  0.00000E+000 -0.00000E+000  0.00000E+000 -0.00000E+000  0.00000E+000  0.00000E+000  0.00000E+000  0.00000E+000  0.00000E+000  0.00000E+000
    75 2.457400E+01 6.625213E+02     0  0.00000E+000  0.00000E+000 -0.00000E+000  0.00000E+000 -0.00000E+000  0.00000E+000  0.00000E+000  0.00000E+000  0.00000E+000  0.00000E+000  0.00000E+000
    76 2.457400E+01 6.870953E+02     0  0.00000E+000  0.00000E+000 -0.00000E+000  0.00000E+000 -0.00000E+000  0.00000E+000  0.00000E+000  0.00000E+000  0.00000E+000  0.00000E+000  0.00000E+000
    77 2.703140E+01 7.141267E+02     0  0.00000E+000  0.00000E+000 -0.00000E+000  0.00000E+000 -0.00000E+000  0.00000E+000  0.00000E+000  0.00000E+000  0.00000E+000  0.00000E+000  0.00000E+000
    78 2.703140E+01 7.411581E+02     0  0.00000E+000  0.00000E+000 -0.00000E+000  0.00000E+000 -0.00000E+000  0.00000E+000  0.00000E+000  0.00000E+000  0.00000E+000  0.00000E+000  0.00000E+000
    79 2.703140E+01 7.681895E+02     0  0.00000E+000  0.00000E+000 -0.00000E+000  0.00000E+000 -0.00000E+000  0.00000E+000  0.00000E+000  0.00000E+000  0.00000E+000  0.00000E+000  0.00000E+000
    80 2.703140E+01 7.952209E+02     0  0.00000E+000  0.00000E+000 -0.00000E+000  0.00000E+000 -0.00000E+000  0.00000E+000  0.00000E+000  0.00000E+000  0.00000E+000  0.00000E+000  0.00000E+000
    81 2.703140E+01 8.222523E+02     0  0.00000E+000  0.00000E+000 -0.00000E+000  0.00000E+000 -0.00000E+000  0.00000E+000  0.00000E+000  0.00000E+000  0.00000E+000  0.00000E+000  0.00000E+000
    82 2.973454E+01 8.519868E+02     0  0.00000E+000  0.00000E+000 -0.00000E+000  0.00000E+000 -0.00000E+000  0.00000E+000  0.00000E+000  0.00000E+000  0.00000E+000  0.00000E+000  0.00000E+000
    83 2.973454E+01 8.817214E+02     0  0.00000E+000  0.00000E+000 -0.00000E+000  0.00000E+000 -0.00000E+000  0.00000E+000  0.00000E+000  0.00000E+000  0.00000E+000  0.00000E+000  0.00000E+000
    84 2.973454E+01 9.114559E+02     0  0.00000E+000  0.00000E+000 -0.00000E+000  0.00000E+000 -0.00000E+000  0.00000E+000  0.00000E+000  0.00000E+000  0.00000E+000  0.00000E+000  0.00000E+000
    85 2.973454E+01 9.411904E+02     0  0.00000E+000  0.00000E+000 -0.00000E+000  0.00000E+000 -0.00000E+000  0.00000E+000  0.00000E+000  0.00000E+000  0.00000E+000  0.00000E+000  0.00000E+000
    86 2.973454E+01 9.709250E+02     0  0.00000E+000  0.00000E+000 -0.00000E+000  0.00000E+000 -0.00000E+000  0.00000E+000  0.00000E+000  0.00000E+000  0.00000E+000  0.00000E+000  0.00000E+000
    87 3.270799E+01 1.003633E+03     0  0.00000E+000  0.00000E+000 -0.00000E+000  0.00000E+000 -0.00000E+000  0.00000E+000  0.00000E+000  0.00000E+000  0.00000E+000  0.00000E+000  0.00000E+000
    88 3.270799E+01 1.036341E+03     0  0.00000E+000  0.00000E+000 -0.00000E+000  0.00000E+000 -0.00000E+000  0.00000E+000  0.00000E+000  0.00000E+000  0.00000E+000  0.00000E+000  0.00000E+000
    89 3.270799E+01 1.069049E+03     0  0.00000E+000  0.00000E+000 -0.00000E+000  0.00000E+000 -0.00000E+000  0.00000E+000  0.00000E+000  0.00000E+000  0.00000E+000  0.00000E+000  0.00000E+000
    90 3.270799E+01 1.101757E+03     0  0.00000E+000  0.00000E+000 -0.00000E+000  0.00000E+000 -0.00000E+000  0.00000E+000  0.00000E+000  0.00000E+000  0.00000E+000  0.00000E+000  0.00000E+000
    91 3.270799E+01 1.134465E+03     0  0.00000E+000  0.00000E+000 -0.00000E+000  0.00000E+000 -0.00000E+000  0.00000E+000  0.00000E+000  0.00000E+000  0.00000E+000  0.00000E+000  0.00000E+000
    92 3.597879E+01 1.170444E+03     0  0.00000E+000  0.00000E+000 -0.00000E+000  0.00000E+000 -0.00000E+000  0.00000E+000  0.00000E+000  0.00000E+000  0.00000E+000  0.00000E+000  0.00000E+000
    93 3.597879E+01 1.206422E+03     0  0.00000E+000  0.00000E+000 -0.00000E+000  0.00000E+000 -0.00000E+000  0.00000E+000  0.00000E+000  0.00000E+000  0.00000E+000  0.00000E+000  0.00000E+000
    94 3.597879E+01 1.242401E+03     0  0.00000E+000  0.00000E+000 -0.00000E+000  0.00000E+000 -0.00000E+000  0.00000E+000  0.00000E+000  0.00000E+000  0.00000E+000  0.00000E+000  0.00000E+000
    95 3.597879E+01 1.278380E+03     0  0.00000E+000  0.00000E+000 -0.00000E+000  0.00000E+000 -0.00000E+000  0.00000E+000  0.00000E+000  0.00000E+000  0.00000E+000  0.00000E+000  0.00000E+000
    96 3.597879E+01 1.314359E+03     0  0.00000E+000  0.00000E+000 -0.00000E+000  0.00000E+000 -0.00000E+000  0.00000E+000  0.00000E+000  0.00000E+000  0.00000E+000  0.00000E+000  0.00000E+000
    97 3.597879E+01 1.350338E+03     0  0.00000E+000  0.00000E+000 -0.00000E+000  0.00000E+000 -0.00000E+000  0.00000E+000  0.00000E+000  0.00000E+000  0.00000E+000  0.00000E+000  0.00000E+000
    98 3.957667E+01 1.389914E+03     0  0.00000E+000  0.00000E+000 -0.00000E+000  0.00000E+000 -0.00000E+000  0.00000E+000  0.00000E+000  0.00000E+000  0.00000E+000  0.00000E+000  0.00000E+000
    99 3.957667E+01 1.429491E+03     0  0.00000E+000  0.00000E+000 -0.00000E+000  0.00000E+000 -0.00000E+000  0.00000E+000  0.00000E+000  0.00000E+000  0.00000E+000  0.00000E+000  0.00000E+000
   100 3.957667E+01 1.469068E+03     0  0.00000E+000  0.00000E+000 -0.00000E+000  0.00000E+000 -0.00000E+000  0.00000E+000  0.00000E+000  0.00000E+000  0.00000E+000  0.00000E+000  0.00000E+000
   101 3.957667E+01 1.508644E+03     0  0.00000E+000  0.00000E+000 -0.00000E+000  0.00000E+000 -0.00000E+000  0.00000E+000  0.00000E+000  0.00000E+000  0.00000E+000  0.00000E+000  0.00000E+000
   102 3.957667E+01 1.548221E+03     0  0.00000E+000  0.00000E+000 -0.00000E+000  0.00000E+000 -0.00000E+000  0.00000E+000  0.00000E+000  0.00000E+000  0.00000E+000  0.00000E+000  0.00000E+000
   103 3.957667E+01 1.587798E+03     0  0.00000E+000  0.00000E+000 -0.00000E+000  0.00000E+000 -0.00000E+000  0.00000E+000  0.00000E+000  0.00000E+000  0.00000E+000  0.00000E+000  0.00000E+000
   104 3.957667E+01 1.627374E+03     0  0.00000E+000  0.00000E+000 -0.00000E+000  0.00000E+000 -0.00000E+000  0.00000E+000  0.00000E+000  0.00000E+000  0.00000E+000  0.00000E+000  0.00000E+000
   105 3.957667E+01 1.666951E+03     0  0.00000E+000  0.00000E+000 -0.00000E+000  0.00000E+000 -0.00000E+000  0.00000E+000  0.00000E+000  0.00000E+000  0.00000E+000  0.00000E+000  0.00000E+000
   106 4.353433E+01 1.710485E+03     0  0.00000E+000  0.00000E+000 -0.00000E+000  0.00000E+000 -0.00000E+000  0.00000E+000  0.00000E+000  0.00000E+000  0.00000E+000  0.00000E+000  0.00000E+000
   107 4.353433E+01 1.754020E+03     0  0.00000E+000  0.00000E+000 -0.00000E+000  0.00000E+000 -0.00000E+000  0.00000E+000  0.00000E+000  0.00000E+000  0.00000E+000  0.00000E+000  0.00000E+000
   108 4.353433E+01 1.797554E+03     0  0.00000E+000  0.00000E+000 -0.00000E+000  0.00000E+000 -0.00000E+000  0.00000E+000  0.00000E+000  0.00000E+000  0.00000E+000  0.00000E+000  0.00000E+000
   109 4.353433E+01 1.841088E+03     0  0.00000E+000  0.00000E+000 -0.00000E+000  0.00000E+000 -0.00000E+000  0.00000E+000  0.00000E+000  0.00000E+000  0.00000E+000  0.00000E+000  0.00000E+000
   110 4.353433E+01 1.884623E+03     0  0.00000E+000  0.00000E+000 -0.00000E+000  0.00000E+000 -0.00000E+000  0.00000E+000  0.00000E+000  0.00000E+000  0.00000E+000  0.00000E+000  0.00000E+000
   111 4.353433E+01 1.928157E+03     0  0.00000E+000  0.00000E+000 -0.00000E+000  0.00000E+000 -0.00000E+000  0.00000E+000  0.00000E+000  0.00000E+000  0.00000E+000  0.00000E+000  0.00000E+000
   112 4.353433E+01 1.971691E+03     0  0.00000E+000  0.00000E+000 -0.00000E+000  0.00000E+000 -0.00000E+000  0.00000E+000  0.00000E+000  0.00000E+000  0.00000E+000  0.00000E+000  0.00000E+000
   113 4.353433E+01 2.015226E+03     0  0.00000E+000  0.00000E+000 -0.00000E+000  0.00000E+000 -0.00000E+000  0.00000E+000  0.00000E+000  0.00000E+000  0.00000E+000  0.00000E+000  0.00000E+000
   114 4.353433E+01 2.058760E+03     0  0.00000E+000  0.00000E+000 -0.00000E+000  0.00000E+000 -0.00000E+000  0.00000E+000  0.00000E+000  0.00000E+000  0.00000E+000  0.00000E+000  0.00000E+000
   115 4.353433E+01 2.102294E+03     0  0.00000E+000  0.00000E+000 -0.00000E+000  0.00000E+000 -0.00000E+000  0.00000E+000  0.00000E+000  0.00000E+000  0.00000E+000  0.00000E+000  0.00000E+000
   116 4.353433E+01 2.145829E+03     0  0.00000E+000  0.00000E+000 -0.00000E+000  0.00000E+000 -0.00000E+000  0.00000E+000  0.00000E+000  0.00000E+000  0.00000E+000  0.00000E+000  0.00000E+000
   117 4.788777E+01 2.193716E+03     0  0.00000E+000  0.00000E+000 -0.00000E+000  0.00000E+000 -0.00000E+000  0.00000E+000  0.00000E+000  0.00000E+000  0.00000E+000  0.00000E+000  0.00000E+000
   118 4.788777E+01 2.241604E+03     0  0.00000E+000  0.00000E+000 -0.00000E+000  0.00000E+000 -0.00000E+000  0.00000E+000  0.00000E+000  0.00000E+000  0.00000E+000  0.00000E+000  0.00000E+000
   119 4.788777E+01 2.289492E+03     0  0.00000E+000  0.00000E+000 -0.00000E+000  0.00000E+000 -0.00000E+000  0.00000E+000  0.00000E+000  0.00000E+000  0.00000E+000  0.00000E+000  0.00000E+000
   120 4.788777E+01 2.337380E+03     0  0.00000E+000  0.00000E+000 -0.00000E+000  0.00000E+000 -0.00000E+000  0.00000E+000  0.00000E+000  0.00000E+000  0.00000E+000  0.00000E+000  0.00000E+000
   121 4.788777E+01 2.385267E+03     0  0.00000E+000  0.00000E+000 -0.00000E+000  0.00000E+000 -0.00000E+000  0.00000E+000  0.00000E+000  0.00000E+000  0.00000E+000  0.00000E+000  0.00000E+000
   122 4.788777E+01 2.433155E+03     0  0.00000E+000  0.00000E+000 -0.00000E+000  0.00000E+000 -0.00000E+000  0.00000E+000  0.00000E+000  0.00000E+000  0.00000E+000  0.00000E+000  0.00000E+000
   123 4.788777E+01 2.481043E+03     0  0.00000E+000  0.00000E+000 -0.00000E+000  0.00000E+000 -0.00000E+000  0.00000E+000  0.00000E+000  0.00000E+000  0.00000E+000  0.00000E+000  0.00000E+000
   124 4.788777E+01 2.528931E+03     0  0.00000E+000  0.00000E+000 -0.00000E+000  0.00000E+000 -0.00000E+000  0.00000E+000  0.00000E+000  0.00000E+000  0.00000E+000  0.00000E+000  0.00000E+000
   125 4.788777E+01 2.576819E+03     0  0.00000E+000  0.00000E+000 -0.00000E+000  0.00000E+000 -0.00000E+000  0.00000E+000  0.00000E+000  0.00000E+000  0.00000E+000  0.00000E+000  0.00000E+000
   126 4.788777E+01 2.624706E+03     0  0.00000E+000  0.00000E+000 -0.00000E+000  0.00000E+000 -0.00000E+000  0.00000E+000  0.00000E+000  0.00000E+000  0.00000E+000  0.00000E+000  0.00000E+000
   127 4.788777E+01 2.672594E+03     0  0.00000E+000  0.00000E+000 -0.00000E+000  0.00000E+000 -0.00000E+000  0.00000E+000  0.00000E+000  0.00000E+000  0.00000E+000  0.00000E+000  0.00000E+000
   128 5.267654E+01 2.725271E+03     0  0.00000E+000  0.00000E+000 -0.00000E+000  0.00000E+000 -0.00000E+000  0.00000E+000  0.00000E+000  0.00000E+000  0.00000E+000  0.00000E+000  0.00000E+000
   129 5.267654E+01 2.777947E+03     0  0.00000E+000  0.00000E+000 -0.00000E+000  0.00000E+000 -0.00000E+000  0.00000E+000  0.00000E+000  0.00000E+000  0.00000E+000  0.00000E+000  0.00000E+000
   130 5.267654E+01 2.830624E+03     0  0.00000E+000  0.00000E+000 -0.00000E+000  0.00000E+000 -0.00000E+000  0.00000E+000  0.00000E+000  0.00000E+000  0.00000E+000  0.00000E+000  0.00000E+000
   131 5.267654E+01 2.883300E+03     0  0.00000E+000  0.00000E+000 -0.00000E+000  0.00000E+000 -0.00000E+000  0.00000E+000  0.00000E+000  0.00000E+000  0.00000E+000  0.00000E+000  0.00000E+000
   132 5.267654E+01 2.935977E+03     0  0.00000E+000  0.00000E+000 -0.00000E+000  0.00000E+000 -0.00000E+000  0.00000E+000  0.00000E+000  0.00000E+000  0.00000E+000  0.00000E+000  0.00000E+000
   133 5.267654E+01 2.988653E+03     0  0.00000E+000  0.00000E+000 -0.00000E+000  0.00000E+000 -0.00000E+000  0.00000E+000  0.00000E+000  0.00000E+000  0.00000E+000  0.00000E+000  0.00000E+000
