#TIME      <--- WTDEPTH(NODVP(I)), I=1,2,...,NUMVP --->
   9.765625E-02   5.649600E+02
   2.050781E-01   5.649600E+02
   3.232422E-01   5.649600E+02
   4.532227E-01   5.649600E+02
   5.962012E-01   5.649600E+02
   7.534775E-01   5.649600E+02
   9.264815E-01   5.649600E+02
   1.116786E+00   5.649600E+02
   1.326121E+00   5.649600E+02
   1.556389E+00   5.649600E+02
   1.809684E+00   5.649600E+02
   2.088309E+00   5.649600E+02
   2.394796E+00   5.649600E+02
   2.731932E+00   5.649600E+02
   3.102781E+00   5.649600E+02
   3.510716E+00   5.649600E+02
   3.959444E+00   5.649600E+02
   4.453044E+00   5.649600E+02
   4.996005E+00   5.649600E+02
   5.593262E+00   5.649600E+02
   6.250244E+00   5.649600E+02
   6.972925E+00   5.649600E+02
   7.767873E+00   5.649600E+02
   8.642317E+00   5.649600E+02
   9.604205E+00   5.649600E+02
   1.066228E+01   5.649600E+02
   1.182617E+01   5.649600E+02
   1.310644E+01   5.649600E+02
   1.451474E+01   5.649600E+02
   1.606387E+01   5.649600E+02
   1.776791E+01   5.649600E+02
   1.964236E+01   5.649600E+02
   2.170425E+01   5.649600E+02
   2.397233E+01   5.649600E+02
   2.646722E+01   5.649600E+02
   2.921160E+01   5.649600E+02
   3.223042E+01   5.649600E+02
   3.555112E+01   5.649600E+02
   3.920388E+01   5.649600E+02
   4.322193E+01   5.649600E+02
   4.764178E+01   5.649600E+02
   5.250361E+01   5.649600E+02
   5.785163E+01   5.649600E+02
   6.373445E+01   5.649600E+02
   7.020555E+01   5.649600E+02
   7.732376E+01   5.649600E+02
   8.515379E+01   5.649600E+02
   9.376683E+01   5.649600E+02
   1.032412E+02   5.649600E+02
   1.136629E+02   5.649600E+02
   1.251269E+02   5.649600E+02
   1.377372E+02   5.649600E+02
   1.516086E+02   5.649600E+02
   1.668671E+02   5.649600E+02
   1.836515E+02   5.649600E+02
   2.021143E+02   5.649600E+02
   2.224234E+02   5.649600E+02
   2.447634E+02   5.649600E+02
   2.693374E+02   5.649600E+02
   2.939114E+02   5.649600E+02
   3.184854E+02   5.649600E+02
   3.430594E+02   5.649600E+02
   3.676334E+02   5.649600E+02
   3.922074E+02   5.649600E+02
   4.167814E+02   5.649600E+02
   4.413554E+02   5.649600E+02
   4.659294E+02   5.649600E+02
   4.905034E+02   5.649600E+02
   5.150774E+02   5.649600E+02
   5.396513E+02   5.649600E+02
   5.642253E+02   5.649600E+02
   5.887993E+02   5.649600E+02
   6.133733E+02   5.649600E+02
   6.379473E+02   5.649600E+02
   6.625213E+02   5.649600E+02
   6.870953E+02   5.649600E+02
   7.141267E+02   5.649600E+02
   7.411581E+02   5.649600E+02
   7.681895E+02   5.649600E+02
   7.952209E+02   5.649600E+02
   8.222523E+02   5.649600E+02
   8.519868E+02   5.649600E+02
   8.817214E+02   5.649600E+02
   9.114559E+02   5.649600E+02
   9.411904E+02   5.649600E+02
   9.709250E+02   5.649600E+02
   1.003633E+03   5.649600E+02
   1.036341E+03   5.649600E+02
   1.069049E+03   5.649600E+02
   1.101757E+03   5.649600E+02
   1.134465E+03   5.649600E+02
   1.170444E+03   5.649600E+02
   1.206422E+03   5.649600E+02
   1.242401E+03   5.649600E+02
   1.278380E+03   5.649600E+02
   1.314359E+03   5.649600E+02
   1.350338E+03   5.649600E+02
   1.389914E+03   5.649600E+02
   1.429491E+03   5.649600E+02
   1.469068E+03   5.649600E+02
   1.508644E+03   5.649600E+02
   1.548221E+03   5.649600E+02
   1.587798E+03   5.649600E+02
   1.627374E+03   5.649600E+02
   1.666951E+03   5.649600E+02
   1.710485E+03   5.649600E+02
   1.754020E+03   5.649600E+02
   1.797554E+03   5.649600E+02
   1.841088E+03   5.649600E+02
   1.884623E+03   5.649600E+02
   1.928157E+03   5.649600E+02
   1.971691E+03   5.649600E+02
   2.015226E+03   5.649600E+02
   2.058760E+03   5.649600E+02
   2.102294E+03   5.649600E+02
   2.145829E+03   5.649600E+02
   2.193716E+03   5.649600E+02
   2.241604E+03   5.649600E+02
   2.289492E+03   5.649600E+02
   2.337380E+03   5.649600E+02
   2.385267E+03   5.649600E+02
   2.433155E+03   5.649600E+02
   2.481043E+03   5.649600E+02
   2.528931E+03   5.649600E+02
   2.576819E+03   5.649600E+02
   2.624706E+03   5.649600E+02
   2.672594E+03   5.649600E+02
   2.725271E+03   5.649600E+02
   2.777947E+03   5.649600E+02
   2.830624E+03   5.649600E+02
   2.883300E+03   5.649600E+02
   2.935977E+03   5.649600E+02
   2.988653E+03   5.649600E+02
