   100.00000000000000        0.0000000000000000     
  0.20507812500000000        0.0000000000000000     
  0.32324218750000000        0.0000000000000000     
  0.45322265625000002        0.0000000000000000     
  0.59620117187500010        0.0000000000000000     
  0.75347753906250015        0.0000000000000000     
  0.92648154296875029        0.0000000000000000     
   1.1167859472656254        0.0000000000000000     
   1.3261207919921880        0.0000000000000000     
   1.5563891211914069        0.0000000000000000     
   1.8096842833105478        0.0000000000000000     
   2.0883089616416028        0.0000000000000000     
   2.3947961078057634        0.0000000000000000     
   2.7319319685863399        0.0000000000000000     
   3.1027814154449742        0.0000000000000000     
   3.5107158069894719        0.0000000000000000     
   3.9594436376884197        0.0000000000000000     
   4.4530442514572623        0.0000000000000000     
   4.9960049266029891        0.0000000000000000     
   5.5932616692632884        0.0000000000000000     
   6.2502440861896176        0.0000000000000000     
   6.9729247448085800        0.0000000000000000     
   7.7678734692894382        0.0000000000000000     
   8.6423170662183821        0.0000000000000000     
   9.6042050228402207        0.0000000000000000     
   10.662281775124244        0.0000000000000000     
   11.826166202636669        0.0000000000000000     
   13.106439072900336        0.0000000000000000     
   14.514739230190372        0.0000000000000000     
   16.063869403209409        0.0000000000000000     
   17.767912593530351        0.0000000000000000     
   19.642360102883387        0.0000000000000000     
   21.704252363171726        0.0000000000000000     
   23.972333849488901        0.0000000000000000     
   26.467223484437795        0.0000000000000000     
   29.211602082881576        0.0000000000000000     
   32.230418541169740        0.0000000000000000     
   35.551116645286719        0.0000000000000000     
   39.203884559815393        0.0000000000000000     
   43.221929265796938        0.0000000000000000     
   47.641778442376634        0.0000000000000000     
   52.503612536614298        0.0000000000000000     
   57.851630040275730        0.0000000000000000     
   63.734449294303310        0.0000000000000000     
   70.205550473733652        0.0000000000000000     
   77.323761771107030        0.0000000000000000     
   85.153794198217739        0.0000000000000000     
   93.766829868039522        0.0000000000000000     
   103.24116910484348        0.0000000000000000     
   113.66294226532783        0.0000000000000000     
   125.12689274186062        0.0000000000000000     
   137.73723826604669        0.0000000000000000     
   151.60861834265137        0.0000000000000000     
   166.86713642691652        0.0000000000000000     
   183.65150631960819        0.0000000000000000     
   202.11431320156902        0.0000000000000000     
   222.42340077172594        0.0000000000000000     
   244.76339709889857        0.0000000000000000     
   269.33739305878845        0.0000000000000000     
   293.91138901867834        0.0000000000000000     
   318.48538497856822        0.0000000000000000     
   343.05938093845810        0.0000000000000000     
   367.63337689834799        0.0000000000000000     
   392.20737285823787        0.0000000000000000     
   416.78136881812776        0.0000000000000000     
   441.35536477801764        0.0000000000000000     
   465.92936073790753        0.0000000000000000     
   490.50335669779741        0.0000000000000000     
   515.07735265768724        0.0000000000000000     
   539.65134861757713        0.0000000000000000     
   564.22534457746701        0.0000000000000000     
   588.79934053735690        0.0000000000000000     
   613.37333649724678        0.0000000000000000     
   637.94733245713667        0.0000000000000000     
   662.52132841702655        0.0000000000000000     
   687.09532437691644        0.0000000000000000     
   714.12671993279537        0.0000000000000000     
   741.15811548867418        0.0000000000000000     
   768.18951104455300        0.0000000000000000     
