north:     0
south:           0.00000000
east:      0
west:            0.00000000
rows:     20
cols:     10
   0.200000000000E+01   0.202000000000E+01   0.204000000000E+01   0.206000000000E+01   0.208000000000E+01   0.210000000000E+01   0.212000000000E+01   0.214000000000E+01   0.216000000000E+01   0.218000000000E+01
   0.195000000000E+01   0.197000000000E+01   0.199000000000E+01   0.201000000000E+01   0.203000000000E+01   0.205000000000E+01   0.207000000000E+01   0.209000000000E+01   0.211000000000E+01   0.213000000000E+01
   0.190000000000E+01   0.192000000000E+01   0.194000000000E+01   0.196000000000E+01   0.198000000000E+01   0.200000000000E+01   0.202000000000E+01   0.204000000000E+01   0.206000000000E+01   0.208000000000E+01
   0.185000000000E+01   0.187000000000E+01   0.189000000000E+01   0.191000000000E+01   0.193000000000E+01   0.195000000000E+01   0.197000000000E+01   0.199000000000E+01   0.201000000000E+01   0.203000000000E+01
   0.180000000000E+01   0.182000000000E+01   0.184000000000E+01   0.186000000000E+01   0.188000000000E+01   0.190000000000E+01   0.192000000000E+01   0.194000000000E+01   0.196000000000E+01   0.198000000000E+01
   0.175000000000E+01   0.177000000000E+01   0.179000000000E+01   0.181000000000E+01   0.183000000000E+01   0.185000000000E+01   0.187000000000E+01   0.189000000000E+01   0.191000000000E+01   0.193000000000E+01
   0.170000000000E+01   0.172000000000E+01   0.174000000000E+01   0.176000000000E+01   0.178000000000E+01   0.180000000000E+01   0.182000000000E+01   0.184000000000E+01   0.186000000000E+01   0.188000000000E+01
   0.165000000000E+01   0.167000000000E+01   0.169000000000E+01   0.171000000000E+01   0.173000000000E+01   0.175000000000E+01   0.177000000000E+01   0.179000000000E+01   0.181000000000E+01   0.183000000000E+01
   0.160000000000E+01   0.162000000000E+01   0.164000000000E+01   0.166000000000E+01   0.168000000000E+01   0.170000000000E+01   0.172000000000E+01   0.174000000000E+01   0.176000000000E+01   0.178000000000E+01
   0.155000000000E+01   0.157000000000E+01   0.159000000000E+01   0.161000000000E+01   0.163000000000E+01   0.165000000000E+01   0.167000000000E+01   0.169000000000E+01   0.171000000000E+01   0.173000000000E+01
   0.150000000000E+01   0.152000000000E+01   0.154000000000E+01   0.156000000000E+01   0.158000000000E+01   0.160000000000E+01   0.162000000000E+01   0.164000000000E+01   0.166000000000E+01   0.168000000000E+01
   0.145000000000E+01   0.147000000000E+01   0.149000000000E+01   0.151000000000E+01   0.153000000000E+01   0.155000000000E+01   0.157000000000E+01   0.159000000000E+01   0.161000000000E+01   0.163000000000E+01
   0.140000000000E+01   0.142000000000E+01   0.144000000000E+01   0.146000000000E+01   0.148000000000E+01   0.150000000000E+01   0.152000000000E+01   0.154000000000E+01   0.156000000000E+01   0.158000000000E+01
   0.135000000000E+01   0.137000000000E+01   0.139000000000E+01   0.141000000000E+01   0.143000000000E+01   0.145000000000E+01   0.147000000000E+01   0.149000000000E+01   0.151000000000E+01   0.153000000000E+01
   0.130000000000E+01   0.132000000000E+01   0.134000000000E+01   0.136000000000E+01   0.138000000000E+01   0.140000000000E+01   0.142000000000E+01   0.144000000000E+01   0.146000000000E+01   0.148000000000E+01
   0.125000000000E+01   0.127000000000E+01   0.129000000000E+01   0.131000000000E+01   0.133000000000E+01   0.135000000000E+01   0.137000000000E+01   0.139000000000E+01   0.141000000000E+01   0.143000000000E+01
   0.120000000000E+01   0.122000000000E+01   0.124000000000E+01   0.126000000000E+01   0.128000000000E+01   0.130000000000E+01   0.132000000000E+01   0.134000000000E+01   0.136000000000E+01   0.138000000000E+01
   0.115000000000E+01   0.117000000000E+01   0.119000000000E+01   0.121000000000E+01   0.123000000000E+01   0.125000000000E+01   0.127000000000E+01   0.129000000000E+01   0.131000000000E+01   0.133000000000E+01
   0.110000000000E+01   0.112000000000E+01   0.114000000000E+01   0.116000000000E+01   0.118000000000E+01   0.120000000000E+01   0.122000000000E+01   0.124000000000E+01   0.126000000000E+01   0.128000000000E+01
   0.105000000000E+01   0.107000000000E+01   0.109000000000E+01   0.111000000000E+01   0.113000000000E+01   0.115000000000E+01   0.117000000000E+01   0.119000000000E+01   0.121000000000E+01   0.123000000000E+01
