north:     0
south:           0.00000000
east:      0
west:            0.00000000
rows:     20
cols:     10
 4 4 4 4 4 4 4 4 4 4
 4 4 4 4 4 4 4 4 4 4
 4 4 4 4 4 4 4 4 4 4
 4 4 4 4 4 4 4 4 4 4
 4 4 4 4 4 4 4 4 4 4
 4 4 4 4 4 4 4 4 4 4
 4 4 4 4 4 4 4 4 4 4
 4 4 4 4 4 4 4 4 4 4
 4 4 4 4 4 4 4 4 4 4
 4 4 4 4 4 4 4 4 4 4
 4 4 4 4 4 4 4 4 4 4
 4 4 4 4 4 4 4 4 4 4
 4 4 4 4 4 4 4 4 4 4
 4 4 4 4 4 4 4 4 4 4
 4 4 4 4 4 4 4 4 4 4
 4 4 4 4 4 4 4 4 4 4
 4 4 4 4 4 4 4 4 4 4
 4 4 4 4 4 4 4 4 4 4
 4 4 4 4 4 4 4 4 4 4
 4 2 2 2 2 2 2 2 2 2
