north:     0
south:           0.00000000
east:      0
west:            0.00000000
rows:     20
cols:     10
  -9999.0000000000000       -9999.0000000000000       -9999.0000000000000       -9999.0000000000000       -9999.0000000000000       -9999.0000000000000       -9999.0000000000000       -9999.0000000000000       -9999.0000000000000       -9999.0000000000000     
  -9999.0000000000000        0.0000000000000000        0.0000000000000000        8.2465296003887124E-015   1.1374523586743042E-015   1.1374523586743042E-015   1.1374523586743042E-015   1.1374523586743042E-015   1.1374523586743042E-015  -9999.0000000000000     
  -9999.0000000000000       -1.4218154483428726E-016   0.0000000000000000        8.5308926900572993E-016  -5.6872617933715536E-016  -5.6872617933715536E-016  -5.6872617933715536E-016  -1.9905416276800404E-015  -1.1374523586743042E-015  -9999.0000000000000     
  -9999.0000000000000       -4.1232648001943633E-015   4.1232648001943633E-015  -1.4218154483428726E-016  -7.1090772417144013E-016   0.0000000000000000        0.0000000000000000        0.0000000000000000        8.2465296003887124E-015  -9999.0000000000000     
  -9999.0000000000000        7.1090772417144013E-016   1.4218154483428726E-016  -4.1232648001943633E-015   4.1232648001943633E-015   5.6872617933715536E-016  -1.4218154483428726E-016   0.0000000000000000        8.5308926900572993E-016  -9999.0000000000000     
  -9999.0000000000000        0.0000000000000000        0.0000000000000000        7.1090772417144013E-016   1.4218154483428726E-016  -5.6872617933715536E-016  -4.1232648001943633E-015   4.1232648001943633E-015  -1.4218154483428726E-016  -9999.0000000000000     
  -9999.0000000000000        0.0000000000000000        0.0000000000000000        0.0000000000000000        0.0000000000000000        0.0000000000000000        7.1090772417144013E-016   1.4218154483428726E-016  -4.1232648001943633E-015  -9999.0000000000000     
  -9999.0000000000000       -1.4218154483428726E-016  -7.1090772417144013E-016   0.0000000000000000        0.0000000000000000        0.0000000000000000        0.0000000000000000        0.0000000000000000        7.1090772417144013E-016  -9999.0000000000000     
  -9999.0000000000000       -4.1232648001943633E-015   4.1232648001943633E-015  -1.4218154483428726E-016  -7.1090772417144013E-016   0.0000000000000000        0.0000000000000000        0.0000000000000000        0.0000000000000000       -9999.0000000000000     
  -9999.0000000000000        7.1090772417144013E-016   1.4218154483428726E-016  -4.1232648001943633E-015   4.1232648001943633E-015   5.6872617933715536E-016  -1.4218154483428726E-016  -7.1090772417144013E-016   0.0000000000000000       -9999.0000000000000     
  -9999.0000000000000        0.0000000000000000        0.0000000000000000        7.1090772417144013E-016   1.4218154483428726E-016  -5.6872617933715536E-016  -4.1232648001943633E-015   4.1232648001943633E-015  -1.4218154483428726E-016  -9999.0000000000000     
  -9999.0000000000000        0.0000000000000000        0.0000000000000000        0.0000000000000000        0.0000000000000000        0.0000000000000000        7.1090772417144013E-016   1.4218154483428726E-016  -4.1232648001943633E-015  -9999.0000000000000     
  -9999.0000000000000       -1.4218154483428726E-016  -7.1090772417144013E-016   0.0000000000000000        0.0000000000000000        0.0000000000000000        0.0000000000000000        0.0000000000000000        7.1090772417144013E-016  -9999.0000000000000     
  -9999.0000000000000       -4.1232648001943633E-015   4.1232648001943633E-015  -1.4218154483428726E-016  -7.1090772417144013E-016   0.0000000000000000        0.0000000000000000        0.0000000000000000        0.0000000000000000       -9999.0000000000000     
  -9999.0000000000000        7.1090772417144013E-016   1.4218154483428726E-016  -4.1232648001943633E-015   4.1232648001943633E-015   5.6872617933715536E-016  -1.4218154483428726E-016  -7.1090772417144013E-016   0.0000000000000000       -9999.0000000000000     
  -9999.0000000000000        0.0000000000000000        0.0000000000000000        7.1090772417144013E-016   1.4218154483428726E-016  -5.6872617933715536E-016  -4.1232648001943633E-015   4.1232648001943633E-015  -1.4218154483428726E-016  -9999.0000000000000     
  -9999.0000000000000        0.0000000000000000        0.0000000000000000        0.0000000000000000        0.0000000000000000        0.0000000000000000        7.1090772417144013E-016   1.4218154483428726E-016  -4.1232648001943633E-015  -9999.0000000000000     
  -9999.0000000000000       -1.4218154483428726E-016  -7.1090772417144013E-016   0.0000000000000000        0.0000000000000000        0.0000000000000000        0.0000000000000000        0.0000000000000000        7.1090772417144013E-016  -9999.0000000000000     
  -9999.0000000000000       -4.1232648001943633E-015   4.1232648001943633E-015  -1.4218154483428726E-016  -7.1090772417144013E-016   0.0000000000000000        0.0000000000000000        0.0000000000000000        0.0000000000000000       -9999.0000000000000     
  -9999.0000000000000       -9999.0000000000000       -9999.0000000000000       -9999.0000000000000       -9999.0000000000000       -9999.0000000000000       -9999.0000000000000       -9999.0000000000000       -9999.0000000000000       -9999.0000000000000     
