north:     0
south:           0.00000000
east:      0
west:            0.00000000
rows:     20
cols:     10
 7 1 1 1 1 1 1 1 1 1
 7 1 1 1 1 1 1 1 1 1
 7 1 1 1 1 1 1 1 1 1
 7 1 1 1 1 1 1 1 1 1
 7 1 1 1 1 1 1 1 1 1
 7 1 1 1 1 1 1 1 1 1
 7 1 1 1 1 1 1 1 1 1
 7 1 1 1 1 1 1 1 1 1
 7 1 1 1 1 1 1 1 1 1
 7 1 1 1 1 1 1 1 1 1
 7 1 1 1 1 1 1 1 1 1
 7 1 1 1 1 1 1 1 1 1
 7 1 1 1 1 1 1 1 1 1
 7 1 1 1 1 1 1 1 1 1
 7 1 1 1 1 1 1 1 1 1
 7 1 1 1 1 1 1 1 1 1
 7 1 1 1 1 1 1 1 1 1
 7 1 1 1 1 1 1 1 1 1
 7 1 1 1 1 1 1 1 1 1
 0 3 3 3 3 3 3 3 3 3
