north:     0
south:           0.00000000
east:      0
west:            0.00000000
rows:     20
cols:     10
          0.00          0.00          0.00          0.00          0.00          0.00          0.00          0.00          0.00          0.00
          1.00          1.00          1.00          1.00          1.00          1.00          1.00          1.00          1.00          1.00
          2.97          2.00          2.00          2.00          2.00          2.00          2.00          2.00          1.03          2.00
          5.42          3.00          3.00          3.00          3.00          3.00          3.00          2.53          1.05          3.00
          8.36          4.00          4.00          4.00          4.00          4.00          3.77          2.81          1.06          4.00
         11.78          5.00          5.00          5.00          5.00          4.89          4.31          2.96          1.06          5.00
         15.69          6.00          6.00          6.00          5.95          5.61          4.65          3.04          1.06          6.00
         20.08          7.00          7.00          6.97          6.78          6.15          4.87          3.08          1.06          7.00
         24.96          8.00          7.99          7.88          7.47          6.53          5.00          3.10          1.06          8.00
         30.32          8.99          8.94          8.68          8.02          6.79          5.08          3.12          1.06          9.00
         36.16          9.97          9.81          9.36          8.42          6.96          5.13          3.12          1.06         10.00
         42.47         10.89         10.59          9.91          8.72          7.08          5.16          3.12          1.06         11.00
         49.23         11.75         11.26         10.33          8.92          7.15          5.17          3.13          1.06         12.00
         56.41         12.51         11.81         10.65          9.06          7.19          5.18          3.13          1.06         13.00
         63.96         13.17         12.25         10.88          9.15          7.22          5.19          3.13          1.06         14.00
         71.82         13.72         12.58         11.04          9.22          7.23          5.19          3.13          1.06         15.00
         79.95         14.17         12.84         11.16          9.25          7.24          5.19          3.13          1.06         16.00
         88.30         14.52         13.02         11.24          9.28          7.25          5.19          3.13          1.06         17.00
         96.83         14.80         13.16         11.29          9.30          7.25          5.19          3.13          1.06         18.00
        199.00         92.52         76.52         62.27         49.94         39.64         31.38         25.19         21.06         19.00
