         200
         200
         180
         160
         199
         140
         179
         120
         159
         100
         198
         139
          80
         178
         119
          60
         158
         197
          99
          40
         138
          79
         177
         118
          20
         157
          59
          98
         196
          39
         137
          78
         176
          19
         117
          58
         156
          97
         195
         136
          38
         175
          77
         116
          18
         155
          57
          96
         194
         135
          37
          76
         174
          17
         115
         154
          56
         193
          95
         134
          36
         173
          75
         114
          16
         153
          55
          94
         192
         133
          35
          74
         172
          15
         113
          54
         152
         191
          93
          34
         132
          73
         171
         112
          14
          53
         151
          92
         190
          33
         131
          72
         170
          13
         111
         150
          52
         189
          91
          32
         130
          71
         169
         110
          12
          51
         149
         188
          90
         129
          31
          70
         168
         109
          11
          50
         148
         187
          89
          30
         128
          69
         167
          10
         108
         147
          49
         186
          88
         127
          29
          68
         166
           9
         107
          48
         146
          87
         185
         126
          28
          67
         165
         106
           8
          47
         145
         184
          86
         125
          27
          66
         164
         105
           7
          46
         144
         183
          85
          26
         124
         163
          65
         104
           6
          45
         143
         182
          84
          25
         123
         162
          64
         103
           5
         142
          44
          83
         181
         122
          24
         161
          63
           4
         102
         141
          43
          82
         121
          23
          62
           3
         101
          42
          81
          22
          61
           2
          41
          21
           1
